VIN,Price,Model,Year,Drivetrain,Exterior Color,Interior Color,Wheels,Mileage,Location,History
5YJSA1E16GF158206,34300,Model S,2016,75Kwh,Deep Blue Metallic,Black,"19"" Sport Wheels",50458,"Rockville, MD",CLEAN
5YJSA1S16FFP74717,34800,Model S,2015,60Kwh,Model X Grey,Black,"19"" Sport Wheels",42202,"Lathrop, CA",CLEAN
5YJSA1H17FF090296,35000,Model S,2015,85Kwh,Deep Blue Metallic,Grey,"19"" Sport Wheels",62611,"Glen Allen, VA",CLEAN
5YJSA1E10HF196581,35600,Model S,2017,75Kwh,Deep Blue Metallic,Black,"19"" Sport Wheels",53007,"Lathrop, CA",CLEAN
5YJSA1E25FF114138,35700,Model S,2015,Dual Motor 70Kwh,Solid Black,Tan,"19"" Sport Wheels",42732,"Owings Mills, MD",CLEAN
5YJSA1E29FF118600,35700,Model S,2015,Dual Motor 70Kwh,Pearl White Multi-Coat,Tan,"19"" Sport Wheels",47573,"Dania Beach, FL",PREVIOUS ACCIDENT(S)
5YJSA1E19GF156420,36900,Model S,2016,75Kwh,Deep Blue Metallic,Black,"19"" Sport Wheels",39619,"Lathrop, CA",CLEAN
5YJSA1E14GF158494,37100,Model S,2016,75Kwh,Red Multi-Coat,Black,"19"" Sport Wheels",40668,"Lathrop, CA",CLEAN
5YJSA1E13GF158194,37100,Model S,2016,75Kwh,Deep Blue Metallic,Black,"19"" Sport Wheels",28844,,CLEAN
5YJSA1E17HF225266,37400,Model S,2017,75Kwh,Deep Blue Metallic,White,"19"" Sport Wheels",75130,"Lathrop, CA",CLEAN
5YJSA1E29FF104812,37400,Model S,2015,Dual Motor 85Kwh,Pearl White Multi-Coat,Tan,"19"" Sport Wheels",73514,"Buena Park, CA",CLEAN
5YJSA1S22FF092815,37500,Model S,2015,Dual Motor 70Kwh,Deep Blue Metallic,Grey,"19"" Sport Wheels",27740,"Devon, PA",PREVIOUS ACCIDENT(S)
5YJSA1E25FF106475,37600,Model S,2015,Dual Motor 70Kwh,Red Multi-Coat,Tan,"19"" Sport Wheels",31190,"Lathrop, CA",CLEAN
5YJSA1H17FFP73647,38100,Model S,2015,85Kwh,Model X Grey,Black,"19"" Sport Wheels",43422,"Bakersfield, CA",CLEAN
5YJSA1E25FF114091,38300,Model S,2015,Dual Motor 70Kwh,Pearl White Multi-Coat,Tan,"19"" Sport Wheels",45419,"Cincinnati, OH",CLEAN
5YJSA1E16GF152907,38400,Model S,2016,75Kwh,Solid Black,Tan,"19"" Sport Wheels",20905,"Costa Mesa, CA",CLEAN
5YJSA1E27GF126678,38500,Model S,2016,Dual Motor 85Kwh,Pearl White Multi-Coat,Black,"21"" Wheels",52056,"Las Vegas, NV",PREVIOUS ACCIDENT(S)
5YJSA1S25FF088015,38600,Model S,2015,Dual Motor 70Kwh,Pearl White Multi-Coat,Tan,"19"" Sport Wheels",32119,"West Palm Beach, FL",CLEAN
5YJSA1H2XFFP78009,38600,Model S,2015,Dual Motor 85Kwh,Deep Blue Metallic,Grey,"19"" Sport Wheels",48903,"Denver, CO",PREVIOUS ACCIDENT(S)
5YJSA1H40FF085855,38800,Model S,2015,Dual Motor 85Kwh Performance,Solid Black,Black,"19"" Sport Wheels",77127,"Littleton, CO",CLEAN
5YJSA1E26GF129460,39000,Model S,2016,Dual Motor 90Kwh,Pearl White Multi-Coat,Grey,"19"" Sport Wheels",54928,"Denver, CO",CLEAN
5YJSA1E12GF144240,39200,Model S,2016,75Kwh,Model X Grey,Black,"19"" Sport Wheels",26552,"Rockville, MD",CLEAN
5YJSA1E14GF160911,39400,Model S,2016,75Kwh,Pearl White Multi-Coat,Black,"19"" Sport Wheels",26449,"Chesterfield, MO",PREVIOUS ACCIDENT(S)
5YJSA1E1XGF174683,39900,Model S,2016,75Kwh,Deep Blue Metallic,Black Cloth,"19"" Sport Wheels",26040,"Lathrop, CA",CLEAN
5YJSA1E28FF120290,40200,Model S,2015,Dual Motor 85Kwh,Solid Black,Tan,"21"" Wheels",43883,"Las Vegas, NV",PREVIOUS ACCIDENT(S)
5YJSA1E14GF176185,40300,Model S,2016,75Kwh,Deep Blue Metallic,Black,"19"" Sport Wheels",43164,"Hawthorne, CA",CLEAN
5YJSA1H43FF082190,40500,Model S,2015,Dual Motor 85Kwh Performance,Silver Metallic,Black,"21"" Wheels",68122,,CLEAN
5YJSA1E23FF103381,40700,Model S,2015,Dual Motor 85Kwh,Brown Metallic,Tan,"21"" Wheels",46615,"Carlsbad, CA",CLEAN
5YJSA1E2XGF134211,41200,Model S,2016,Dual Motor 70Kwh,Model X Grey,Grey,"19"" Sport Wheels",27597,"Glen Allen, VA",CLEAN
5YJSA1E1XGF166664,41200,Model S,2016,75Kwh,Deep Blue Metallic,Black,"19"" Sport Wheels",34106,"Decatur, GA",CLEAN
5YJSA1E25FF114365,41300,Model S,2015,Dual Motor 85Kwh,Red Multi-Coat,Black,"19"" Sport Wheels",35890,"Eatonville, FL",CLEAN
5YJSA1E25FF115127,41600,Model S,2015,Dual Motor 85Kwh,Brown Metallic,Tan,"19"" Sport Wheels",44516,"Lathrop, CA",CLEAN
5YJSA1H49FF093257,42000,Model S,2015,Dual Motor 85Kwh Performance,Brown Metallic,Black,"21"" Wheels",65184,"Rockville, MD",CLEAN
5YJSA1E19HF215435,42000,Model S,2017,75Kwh,Model X Grey,White,"19"" Sport Wheels",40888,"Pomona, CA",PREVIOUS ACCIDENT(S)
5YJSA1E21HF211422,42200,Model S,2017,Dual Motor 75Kwh,Solid Black,Black,"21"" Wheels",43878,"Burbank, CA",CLEAN
5YJSA1H44FF088418,42300,Model S,2015,Dual Motor 85Kwh Performance,Model X Grey,Tan,"21"" Wheels",56093,"Marina Del Rey, CA",CLEAN
5YJSA1E15HF182000,42500,Model S,2017,75Kwh,Deep Blue Metallic,Black,"19"" Sport Wheels",18158,"Elk Grove Village, IL",PREVIOUS ACCIDENT(S)
5YJSA1E13HF227631,42900,Model S,2017,75Kwh,Solid Black,Cream Premium,"19"" Sport Wheels",52855,"Lathrop, CA",CLEAN
5YJSA1E13HF221425,42900,Model S,2017,75Kwh,Deep Blue Metallic,White,"19"" Sport Wheels",32429,"Fremont, CA",CLEAN
5YJSA1E29GF125788,43000,Model S,2016,Dual Motor 85Kwh,Solid Black,Black,"19"" Sport Wheels",40329,"Tampa, FL",CLEAN
5YJSA1E27HF191502,44400,Model S,2017,Dual Motor 75Kwh,Model X Grey,Tan,"19"" Sport Wheels",25010,"Portland, OR",PREVIOUS ACCIDENT(S)
5YJSA1E12HF209489,44500,Model S,2017,75Kwh,Solid Black,Black Cloth,"19"" Sport Wheels",26024,"Chicago, IL",CLEAN
5YJSA1E13HF231162,44600,Model S,2017,75Kwh,Deep Blue Metallic,Black Cloth,"19"" Sport Wheels",36330,"Pomona, CA",CLEAN
5YJSA1E17HF211089,45000,Model S,2017,75Kwh,Solid Black,White,"19"" Sport Wheels",32800,"Scottsdale, AZ",CLEAN
5YJSA1E2XGF168441,45000,Model S,2016,Dual Motor 75Kwh,Model X Grey,Tan,"19"" Sport Wheels",21218,"Elk Grove Village, IL",CLEAN
5YJSA1E27HF193850,45100,Model S,2017,Dual Motor 75Kwh,Model X Grey,Black,"19"" Sport Wheels",30412,"Mt. Kisco, NY",PREVIOUS ACCIDENT(S)
5YJSA1E17HF214025,45300,Model S,2017,75Kwh,Solid Black,Black Cloth,"19"" Sport Wheels",23473,"Pomona, CA",CLEAN
5YJSA1E13HF232912,45300,Model S,2017,75Kwh,Silver Metallic,White,"19"" Sport Wheels",31612,"Carlsbad, CA",CLEAN
5YJSA1V47FF097375,45500,Model S,2015,Dual Motor 90Kwh Ludicrous,Red Multi-Coat,Black,"21"" Wheels",73009,"Eatonville, FL",CLEAN
5YJSA1E28GF143330,45600,Model S,2016,Dual Motor 90Kwh,Solid Black,Black,"19"" Sport Wheels",31334,"Kansas City, MO",CLEAN
5YJSA1E2XGF167841,45800,Model S,2016,Dual Motor 75Kwh,Silver Metallic,Tan,"19"" Sport Wheels",35753,"Costa Mesa, CA",CLEAN
5YJSA1E15HF233916,45800,Model S,2017,75Kwh,Model X Grey,Black Cloth,"19"" Sport Wheels",44129,"Raleigh, NC",CLEAN
5YJSA1E13HF198793,45800,Model S,2017,75Kwh,Model X Grey,White,"21"" Wheels",37830,"Denver, CO",CLEAN
5YJSA1E13HF231324,45900,Model S,2017,75Kwh,Model X Grey,Black,"19"" Sport Wheels",41740,"Burbank, CA",CLEAN
5YJSA1E1XHF213337,46100,Model S,2017,75Kwh,Red Multi-Coat,White,"19"" Sport Wheels",28553,"Pomona, CA",CLEAN
5YJSA1E23HF193232,46100,Model S,2017,Dual Motor 75Kwh,Model X Grey,Black,"19"" Sport Wheels",39145,"Marina Del Rey, CA",CLEAN
5YJSA1E21GF169039,46300,Model S,2016,Dual Motor 75Kwh,Model X Grey,Tan,"19"" Sport Wheels",26313,"Scottsdale, AZ",CLEAN
5YJSA1E17HF228863,46300,Model S,2017,75Kwh,Solid Black,Black,"19"" Sport Wheels",29877,"Burbank, CA",CLEAN
5YJSA1E13HF199507,46400,Model S,2017,75Kwh,Solid Black,Black Cloth,"19"" Sport Wheels",32804,"Buena Park, CA",CLEAN
5YJSA1E29HF186611,46500,Model S,2017,Dual Motor 75Kwh,Solid Black,Black,"19"" Sport Wheels",16558,"Marina Del Rey, CA",CLEAN
5YJSA1E13HF226446,45200,Model S,2017,75Kwh,Red Multi-Coat,White,"19"" Sport Wheels",37772,"Lathrop, CA",CLEAN
5YJSA1E17HF228328,45400,Model S,2017,75Kwh,Solid Black,Black,"19"" Sport Wheels",41386,"Lathrop, CA",CLEAN
5YJSA1E11HF210357,45600,Model S,2017,75Kwh,Red Multi-Coat,Black,"19"" Sport Wheels",17339,"Lathrop, CA",CLEAN
5YJSA1E20HF190451,45900,Model S,2017,Dual Motor 75Kwh,Pearl White Multi-Coat,White,"19"" Sport Wheels",41920,"Lathrop, CA",CLEAN
5YJSA1E18HF231156,46400,Model S,2017,75Kwh,Pearl White Multi-Coat,Black Cloth,"19"" Sport Wheels",32203,"Lathrop, CA",CLEAN
5YJSA1E15HF214170,46500,Model S,2017,75Kwh,Pearl White Multi-Coat,Black Cloth,"19"" Sport Wheels",20377,"Lathrop, CA",CLEAN
5YJSA1E22HF186594,46500,Model S,2017,Dual Motor 75Kwh,Solid Black,Black,"19"" Sport Wheels",13485,"Costa Mesa, CA",PREVIOUS ACCIDENT(S)
5YJSA1E24HF227226,46500,Model S,2017,Dual Motor 75Kwh,Pearl White Multi-Coat,Cream Premium,"19"" Sport Wheels",27117,"Hawthorne, CA",CLEAN
5YJSA1E24HF226884,46600,Model S,2017,Dual Motor 75Kwh,Model X Grey,Cream Premium,"19"" Sport Wheels",19330,"Lathrop, CA",PREVIOUS ACCIDENT(S)
5YJSA1E2XHF193339,46600,Model S,2017,Dual Motor 75Kwh,Red Multi-Coat,Black,"19"" Sport Wheels",46598,"Portland, OR",CLEAN
5YJSA1E19HF213992,46800,Model S,2017,75Kwh,Solid Black,Black Cloth,"19"" Sport Wheels",28369,"Scottsdale, AZ",CLEAN
5YJSA1E24HF221488,47200,Model S,2017,Dual Motor 75Kwh,Pearl White Multi-Coat,Cream Premium,"19"" Sport Wheels",42293,"Vienna, VA",CLEAN
5YJSA1E20HF228647,47200,Model S,2017,Dual Motor 75Kwh,Model X Grey,Cream Premium,"19"" Sport Wheels",42262,"Burbank, CA",CLEAN
5YJSA1E26HF191510,47200,Model S,2017,Dual Motor 75Kwh,Model X Grey,Black,"19"" Sport Wheels",34523,"Lathrop, CA",CLEAN
5YJSA1E11HF232861,47300,Model S,2017,75Kwh,Solid Black,Black,"19"" Sport Wheels",28426,"Lathrop, CA",CLEAN
5YJSA1E43FF120036,47400,Model S,2015,Dual Motor 90Kwh Ludicrous,Model X Grey,Black,"21"" Wheels",63500,"Lathrop, CA",CLEAN
5YJSA1E26GF152785,47500,Model S,2016,Dual Motor 90Kwh,Model X Grey,Black,"19"" Sport Wheels",26443,"Littleton, CO",CLEAN
5YJSA1E23HF232191,47600,Model S,2017,Dual Motor 75Kwh,Solid Black,Black,"19"" Sport Wheels",49179,"Lyndhurst, OH",CLEAN
5YJSA1E10HF231376,47700,Model S,2017,75Kwh,Model X Grey,Cream Premium,"19"" Sport Wheels",27591,"Scottsdale, AZ",CLEAN
5YJSA1E1XHF231322,47800,Model S,2017,75Kwh,Pearl White Multi-Coat,Cream Premium,"19"" Sport Wheels",28557,"Owings Mills, MD",CLEAN
5YJSA1E22HF180570,47800,Model S,2017,Dual Motor 90Kwh,Solid Black,Tan,"19"" Sport Wheels",43562,"Rocklin, CA",CLEAN
5YJSA1E22HF177961,47800,Model S,2017,Dual Motor 75Kwh,Solid Black,Black Cloth,"19"" Sport Wheels",27049,"Hawthorne, CA",CLEAN
5YJSA1E2XHF180221,48000,Model S,2017,Dual Motor 90Kwh,Deep Blue Metallic,Black,"19"" Sport Wheels",44870,"Lathrop, CA",PREVIOUS ACCIDENT(S)
5YJSA1E11HF220046,48000,Model S,2017,75Kwh,Deep Blue Metallic,White,"19"" Sport Wheels",26397,"Tampa, FL",CLEAN
5YJSA1E23HF187883,48500,Model S,2017,Dual Motor 75Kwh,Model X Grey,Tan,"19"" Sport Wheels",32180,"Lathrop, CA",CLEAN
5YJSA1E21HF182259,48500,Model S,2017,Dual Motor 90Kwh,Pearl White Multi-Coat,Tan,"19"" Sport Wheels",32857,"Lathrop, CA",PREVIOUS ACCIDENT(S)
5YJSA1E2XGF169122,48500,Model S,2016,Dual Motor 75Kwh,Solid Black,Tan,"19"" Sport Wheels",31713,"Lathrop, CA",CLEAN
5YJSA1E14HF217657,48500,Model S,2017,75Kwh,Pearl White Multi-Coat,Black,"19"" Sport Wheels",24119,"Burbank, CA",CLEAN
5YJSA1E26HF232573,48600,Model S,2017,Dual Motor 75Kwh,Deep Blue Metallic,Black,"19"" Sport Wheels",28839,"Roswell, GA",PREVIOUS ACCIDENT(S)
5YJSA1E20HF187887,48600,Model S,2017,Dual Motor 75Kwh,Model X Grey,Tan,"19"" Sport Wheels",30080,"Portland, OR",CLEAN
5YJSA1E28HF199334,48700,Model S,2017,Dual Motor 75Kwh,Solid Black,Black,"19"" Sport Wheels",33014,"Kansas City, MO",CLEAN
5YJSA1E25HF199758,48700,Model S,2017,Dual Motor 75Kwh,Red Multi-Coat,Tan,"19"" Sport Wheels",33501,"Pomona, CA",CLEAN
5YJSA1E26HF226840,48800,Model S,2017,Dual Motor 75Kwh,Silver Metallic,Cream Premium,"19"" Sport Wheels",44639,,CLEAN
5YJSA1E20HF209824,48900,Model S,2017,Dual Motor 75Kwh,Deep Blue Metallic,Black Cloth,"19"" Sport Wheels",22727,"Chesterfield, MO",PREVIOUS ACCIDENT(S)
5YJSA1E10HF196130,48900,Model S,2017,75Kwh,Silver Metallic,Black,"19"" Sport Wheels",23363,"Berkeley, CA",CLEAN
5YJSA1E27HF234834,49000,Model S,2017,Dual Motor 75Kwh,Solid Black,Black,"19"" Sport Wheels",42501,"Toledo, OH",CLEAN
5YJSA1E11HF217650,49000,Model S,2017,75Kwh,Deep Blue Metallic,Black,"19"" Sport Wheels",29532,"Owings Mills, MD",CLEAN
5YJSA1E15HF218350,49000,Model S,2017,75Kwh,Pearl White Multi-Coat,White,"19"" Sport Wheels",20795,"Pomona, CA",CLEAN
5YJSA1E17HF219208,49000,Model S,2017,75Kwh,Deep Blue Metallic,Cream Premium,"19"" Sport Wheels",29681,"Tempe, AZ",CLEAN
5YJSA1E27HF234266,49000,Model S,2017,Dual Motor 75Kwh,Deep Blue Metallic,Black Cloth,"19"" Sport Wheels",34628,"Pomona, CA",CLEAN
5YJSA1E22JF273188,49000,Model S,2018,Dual Motor 75Kwh,Solid Black,Black Cloth,"19"" Sport Wheels",30702,"Lathrop, CA",PREVIOUS ACCIDENT(S)
5YJSA1E10HF212939,49100,Model S,2017,75Kwh,Deep Blue Metallic,Cream Premium,"19"" Sport Wheels",28615,"Hawthorne, CA",CLEAN
5YJSA1E10HF225948,49200,Model S,2017,75Kwh,Silver Metallic,Cream Premium,"19"" Sport Wheels",20081,"Costa Mesa, CA",CLEAN
5YJSA1E28HF230792,49200,Model S,2017,Dual Motor 75Kwh,Solid Black,White,"19"" Sport Wheels",43370,"Rockville, MD",CLEAN
5YJSA1E21HF230469,51800,Model S,2017,Dual Motor 75Kwh,Model X Grey,Cream Premium,"19"" Sport Wheels",25353,"Scottsdale, AZ",CLEAN
5YJSA1E21HF232335,51800,Model S,2017,Dual Motor 75Kwh,Silver Metallic,Black Cloth,"19"" Sport Wheels",24741,"Lathrop, CA",CLEAN
5YJSA1E44GF160899,51800,Model S,2016,Dual Motor 90Kwh Performance,Red Multi-Coat,Black,"19"" Sport Wheels",46851,"Rocklin, CA",CLEAN
5YJSA1E25HF198688,51800,Model S,2017,Dual Motor 90Kwh,Solid Black,Black,"19"" Sport Wheels",21195,"Scottsdale, AZ",PREVIOUS ACCIDENT(S)
5YJSA1E41FF117992,51900,Model S,2015,Dual Motor 90Kwh Performance,Model X Grey,Grey,"21"" Wheels",45138,"Owings Mills, MD",CLEAN
5YJSA1E23HF198432,52000,Model S,2017,Dual Motor 90Kwh,Solid Black,Black,"19"" Sport Wheels",37097,"Lathrop, CA",CLEAN
5YJSA1E20HF193401,52300,Model S,2017,Dual Motor 75Kwh,Solid Black,Tan,"19"" Sport Wheels",27453,,CLEAN
5YJSA1E2XHF216098,52300,Model S,2017,Dual Motor 100Kwh,Model X Grey,Black,"21"" Wheels",38988,"Chesterfield, MO",CLEAN
5YJSA1E20HF218829,52800,Model S,2017,Dual Motor 75Kwh,Silver Metallic,Black,"19"" Sport Wheels",26860,"Denver, CO",CLEAN
5YJSA1E22HF185090,52800,Model S,2017,Dual Motor 100Kwh,Deep Blue Metallic,Black,"19"" Sport Wheels",55603,"Lathrop, CA",CLEAN
5YJSA1V46FF099943,53000,Model S,2015,Dual Motor 90Kwh Ludicrous,Deep Blue Metallic,Tan,"21"" Wheels",19177,"Scottsdale, AZ",CLEAN
5YJSA1E28HF206217,53100,Model S,2017,Dual Motor 75Kwh,Deep Blue Metallic,White,"19"" Sport Wheels",24867,"Elk Grove Village, IL",CLEAN
5YJSA1E20HF201464,53200,Model S,2017,Dual Motor 100Kwh,Solid Black,Tan,"19"" Sport Wheels",45127,"Chicago, IL",CLEAN
5YJSA1E23HF230490,53200,Model S,2017,Dual Motor 75Kwh,Model X Grey,Black,"19"" Sport Wheels",24628,"Lathrop, CA",CLEAN
5YJSA1E29HF197334,53400,Model S,2017,Dual Motor 75Kwh,Solid Black,White,"19"" Sport Wheels",20787,"Denver, CO",CLEAN
5YJSA1E29GF173193,53500,Model S,2016,Dual Motor 90Kwh,Pearl White Multi-Coat,Tan,"21"" Wheels",17621,"Rockville, MD",PREVIOUS ACCIDENT(S)
5YJSA1E20HF230706,53500,Model S,2017,Dual Motor 75Kwh,Model X Grey,Black,"19"" Sport Wheels",18704,"Scottsdale, AZ",CLEAN
5YJSA1E21HF183797,54000,Model S,2017,Dual Motor 90Kwh,Model X Grey,Black,"19"" Sport Wheels",37705,"Bellevue, WA",CLEAN
5YJSA1E25HF232595,54100,Model S,2017,Dual Motor 75Kwh,Model X Grey,Cream Premium,"19"" Sport Wheels",15315,"Rockville, MD",CLEAN
5YJSA1E25HF202626,54300,Model S,2017,Dual Motor 90Kwh,Solid Black,Black,"19"" Sport Wheels",36579,"Glen Allen, VA",CLEAN
5YJSA1E27HF231982,50900,Model S,2017,Dual Motor 75Kwh,Model X Grey,White,"19"" Sport Wheels",35958,"Lathrop, CA",CLEAN
5YJSA1E22HF218749,51000,Model S,2017,Dual Motor 75Kwh,Deep Blue Metallic,White,"19"" Sport Wheels",35926,"Denver, CO",CLEAN
5YJSA1E14HF221014,51000,Model S,2017,75Kwh,Model X Grey,Black,"21"" Wheels",15339,"Pomona, CA",CLEAN
5YJSA1E2XHF232057,51500,Model S,2017,Dual Motor 75Kwh,Red Multi-Coat,Cream Premium,"19"" Sport Wheels",29623,"Lathrop, CA",CLEAN
5YJSA1E23HF204262,51600,Model S,2017,Dual Motor 75Kwh,Red Multi-Coat,Black,"19"" Sport Wheels",25332,,CLEAN
5YJSA1E22HF230299,52200,Model S,2017,Dual Motor 75Kwh,Solid Black,Black,"19"" Sport Wheels",22842,"Hawthorne, CA",CLEAN
5YJSA1E26HF194729,52500,Model S,2017,Dual Motor 90Kwh,Silver Metallic,Black,"19"" Sport Wheels",18851,"Pomona, CA",CLEAN
5YJSA1E20HF231659,52700,Model S,2017,Dual Motor 75Kwh,Deep Blue Metallic,Cream Premium,"19"" Sport Wheels",30840,"Santa Barbara, CA",CLEAN
5YJSA1E20HF212173,53100,Model S,2017,Dual Motor 90Kwh,Red Multi-Coat,Black,"19"" Sport Wheels",30805,"Pomona, CA",CLEAN
5YJSA1E24HF219613,53200,Model S,2017,Dual Motor 100Kwh,Model X Grey,Black Cloth,"19"" Sport Wheels",25646,"Pomona, CA",PREVIOUS ACCIDENT(S)
5YJSA1E49GF131236,53900,Model S,2016,Dual Motor 90Kwh Performance,Model X Grey,Black,"21"" Wheels",41316,"Pomona, CA",PREVIOUS ACCIDENT(S)
5YJSA1E2XHF219504,54300,Model S,2017,Dual Motor 100Kwh,Solid Black,Black,"19"" Sport Wheels",53184,"Pomona, CA",CLEAN
5YJSA1E20GF172384,54300,Model S,2016,Dual Motor 90Kwh,Pearl White Multi-Coat,Tan,"19"" Sport Wheels",26172,"Lathrop, CA",CLEAN
5YJSA1E28HF228623,54400,Model S,2017,Dual Motor 75Kwh,Red Multi-Coat,Black,"19"" Sport Wheels",12871,"Hawthorne, CA",CLEAN
5YJSA1E23HF230621,54600,Model S,2017,Dual Motor 75Kwh,Model X Grey,Black,"19"" Sport Wheels",19975,"Hawthorne, CA",CLEAN
5YJSA1E28HF232185,54600,Model S,2017,Dual Motor 75Kwh,Model X Grey,White,"19"" Sport Wheels",23397,"Cincinnati, OH",CLEAN
5YJSA1E22HF200168,54700,Model S,2017,Dual Motor 100Kwh,Model X Grey,Black,"19"" Sport Wheels",46439,"Scottsdale, AZ",CLEAN
5YJSA1E25HF189666,54800,Model S,2017,Dual Motor 90Kwh,Pearl White Multi-Coat,Tan,"19"" Sport Wheels",32170,"Scottsdale, AZ",CLEAN
5YJSA1E29JF254573,54800,Model S,2018,Dual Motor 75Kwh,Model X Grey,Cream Premium,"19"" Sport Wheels",26971,"Dedham, MA",CLEAN
5YJSA1E22HF217004,55200,Model S,2017,Dual Motor 100Kwh,Model X Grey,Black,"19"" Sport Wheels",42350,"Lathrop, CA",CLEAN
5YJSA1E20HF198582,55200,Model S,2017,Dual Motor 90Kwh,Pearl White Multi-Coat,Black,"19"" Sport Wheels",25049,"Bellevue, WA",CLEAN
5YJSA1E2XHF228722,55200,Model S,2017,Dual Motor 75Kwh,Deep Blue Metallic,Cream Premium,"19"" Sport Wheels",16378,"Berkeley, CA",CLEAN
5YJSA1E25HF208863,55300,Model S,2017,Dual Motor 100Kwh,Solid Black,Tan,"19"" Sport Wheels",52423,"Indianapolis, IN",CLEAN
5YJSA1E28HF202426,56000,Model S,2017,Dual Motor 100Kwh,Silver Metallic,Black,"19"" Sport Wheels",48126,"Pomona, CA",CLEAN
5YJSA1E28JF248537,56100,Model S,2018,Dual Motor 75Kwh,Model X Grey,Black,"19"" Sport Wheels",19365,"Costa Mesa, CA",CLEAN
5YJSA1E27HF231531,56200,Model S,2017,Dual Motor 75Kwh,Model X Grey,Black,"21"" Wheels",12464,"Hawthorne, CA",CLEAN
5YJSA1E29JF260289,56500,Model S,2018,Dual Motor 75Kwh,Silver Metallic,Black,"19"" Sport Wheels",12755,"Denver, CO",CLEAN
5YJSA1E2XHF229658,56600,Model S,2017,Dual Motor 100Kwh,Deep Blue Metallic,White,"19"" Sport Wheels",50510,"Pomona, CA",CLEAN
5YJSA1E23HF231803,56700,Model S,2017,Dual Motor 100Kwh,Red Multi-Coat,Black,"19"" Sport Wheels",43084,"Pomona, CA",CLEAN
5YJSA1E27HF222649,56700,Model S,2017,Dual Motor 100Kwh,Solid Black,Black,"19"" Sport Wheels",24898,"Lathrop, CA",CLEAN
5YJSA1E27HF204359,56900,Model S,2017,Dual Motor 100Kwh,Deep Blue Metallic,Black,"19"" Sport Wheels",37270,"Lathrop, CA",CLEAN
5YJSA1E23HF232997,56900,Model S,2017,Dual Motor 100Kwh,Pearl White Multi-Coat,Black,"19"" Sport Wheels",32694,"Lathrop, CA",CLEAN
5YJSA1E21HF204311,57000,Model S,2017,Dual Motor 100Kwh,Solid Black,Tan,"19"" Sport Wheels",43996,"Pomona, CA",CLEAN
5YJSA1E28HF200255,57000,Model S,2017,Dual Motor 100Kwh,Silver Metallic,Tan,"19"" Sport Wheels",37042,"Scottsdale, AZ",CLEAN
5YJSA1E24HF212726,57200,Model S,2017,Dual Motor 100Kwh,Silver Metallic,Black,"19"" Sport Wheels",49410,"Tempe, AZ",CLEAN
5YJSA1E21HF216703,57200,Model S,2017,Dual Motor 100Kwh,Model X Grey,Black,"19"" Sport Wheels",29479,"Carlsbad, CA",CLEAN
5YJSA1E27HF225003,57300,Model S,2017,Dual Motor 100Kwh,Pearl White Multi-Coat,White,"19"" Sport Wheels",40951,"Raleigh, NC",CLEAN
5YJSA1E20HF218054,57400,Model S,2017,Dual Motor 100Kwh,Pearl White Multi-Coat,White,"19"" Sport Wheels",12533,"Hawthorne, CA",PREVIOUS ACCIDENT(S)
5YJSA1E29HF201026,57500,Model S,2017,Dual Motor 100Kwh,Solid Black,Black,"19"" Sport Wheels",28789,"Costa Mesa, CA",CLEAN
5YJSA1E26JF272545,57500,Model S,2018,Dual Motor 75Kwh,Deep Blue Metallic,Black Cloth,"19"" Sport Wheels",14366,"Eatonville, FL",CLEAN
5YJSA1E23HF217433,57700,Model S,2017,Dual Motor 100Kwh,Pearl White Multi-Coat,Black Cloth,"19"" Sport Wheels",39521,"Lathrop, CA",CLEAN
5YJSA1E27HF207357,57800,Model S,2017,Dual Motor 100Kwh,Solid Black,Black,"19"" Sport Wheels",36523,"Nashville, TN",CLEAN
5YJSA1E23JF295071,57800,Model S,2018,Dual Motor 75Kwh,Solid Black,Black Cloth,"21"" Wheels",21475,"Lathrop, CA",CLEAN
5YJSA1E29HF216030,57900,Model S,2017,Dual Motor 100Kwh,Model X Grey,Black,"19"" Sport Wheels",36980,"Owings Mills, MD",CLEAN
5YJSA1E43GF159405,57900,Model S,2016,Dual Motor 100Kwh Performance,Brown Metallic,Tan,"19"" Sport Wheels",41167,"Lathrop, CA",CLEAN
5YJSA1E27HF216009,57900,Model S,2017,Dual Motor 90Kwh,Red Multi-Coat,Cream Premium,"19"" Sport Wheels",24536,"Lathrop, CA",CLEAN
5YJSA1E24HF224651,58000,Model S,2017,Dual Motor 100Kwh,Solid Black,White,"19"" Sport Wheels",34853,"Matthews, NC",CLEAN
5YJSA1E43FF116584,58100,Model S,2015,Dual Motor 90Kwh Ludicrous,Model X Grey,Grey,"21"" Wheels",15575,"Littleton, CO",CLEAN
5YJSA1E26HF226885,58100,Model S,2017,Dual Motor 100Kwh,Model X Grey,Cream Premium,"19"" Sport Wheels",39236,"Burbank, CA",CLEAN
5YJSA1E25HF215909,58300,Model S,2017,Dual Motor 100Kwh,Model X Grey,Black,"19"" Sport Wheels",47884,"Lathrop, CA",CLEAN
5YJSA1E24HF230952,58600,Model S,2017,Dual Motor 100Kwh,Solid Black,Black,"19"" Sport Wheels",36627,"Elk Grove Village, IL",PREVIOUS ACCIDENT(S)
5YJSA1E20HF219642,58800,Model S,2017,Dual Motor 100Kwh,Model X Grey,Cream Premium,"19"" Sport Wheels",33896,"Lathrop, CA",CLEAN
5YJSA1E29HF228971,58900,Model S,2017,Dual Motor 100Kwh,Pearl White Multi-Coat,Black,"19"" Sport Wheels",35907,"Pomona, CA",CLEAN
5YJSA1E23JF295152,58900,Model S,2018,Dual Motor 75Kwh,Solid Black,Black,"19"" Sport Wheels",12187,"Rockville, MD",CLEAN
5YJSA1E27HF224613,58900,Model S,2017,Dual Motor 100Kwh,Solid Black,Black,"19"" Sport Wheels",24311,"Hawthorne, CA",CLEAN
5YJSA1E29HF204377,59000,Model S,2017,Dual Motor 100Kwh,Deep Blue Metallic,Black,"19"" Sport Wheels",9985,"Lathrop, CA",CLEAN
5YJSA1E26HF228944,59100,Model S,2017,Dual Motor 100Kwh,Model X Grey,Black,"21"" Wheels",37648,"Las Vegas, NV",CLEAN
5YJSA1E26HF217104,59200,Model S,2017,Dual Motor 100Kwh,Deep Blue Metallic,Cream Premium,"19"" Sport Wheels",31492,"Chesterfield, MO",CLEAN
5YJSA1E29HF232079,60000,Model S,2017,Dual Motor 100Kwh,Pearl White Multi-Coat,Black,"19"" Sport Wheels",34339,"Lathrop, CA",CLEAN
5YJSA1E26HF224344,60100,Model S,2017,Dual Motor 100Kwh,Solid Black,Black,"19"" Sport Wheels",28683,"Lathrop, CA",CLEAN
5YJSA1E2XHF217185,60200,Model S,2017,Dual Motor 100Kwh,Red Multi-Coat,Cream Premium,"19"" Sport Wheels",27669,"Lathrop, CA",CLEAN
5YJSA1E25HF224254,60300,Model S,2017,Dual Motor 100Kwh,Deep Blue Metallic,Black,"19"" Sport Wheels",28520,"Lathrop, CA",CLEAN
5YJSA1E2XHF229031,60300,Model S,2017,Dual Motor 100Kwh,Model X Grey,Cream Premium,"19"" Sport Wheels",28253,"Rockville, MD",CLEAN
5YJSA1E21HF215826,60300,Model S,2017,Dual Motor 100Kwh,Solid Black,Black Cloth,"19"" Sport Wheels",28174,"Hawthorne, CA",PREVIOUS ACCIDENT(S)
5YJSA1E23HF234264,60400,Model S,2017,Dual Motor 100Kwh,Pearl White Multi-Coat,Cream Premium,"19"" Sport Wheels",28026,"Scottsdale, AZ",CLEAN
5YJSA1E28HF218786,60700,Model S,2017,Dual Motor 100Kwh,Pearl White Multi-Coat,Cream Premium,"19"" Sport Wheels",26174,"Lathrop, CA",CLEAN
5YJSA1E25HF217255,60800,Model S,2017,Dual Motor 100Kwh,Deep Blue Metallic,White,"19"" Sport Wheels",32443,"Pomona, CA",CLEAN
5YJSA1E29HF229117,60800,Model S,2017,Dual Motor 100Kwh,Model X Grey,White,"19"" Sport Wheels",40440,"Scottsdale, AZ",CLEAN
5YJSA1E26HF227650,60900,Model S,2017,Dual Motor 100Kwh,Model X Grey,Cream Premium,"19"" Sport Wheels",27245,"Glen Allen, VA",CLEAN
5YJSA1E21HF231881,61000,Model S,2017,Dual Motor 100Kwh,Solid Black,Black,"21"" Wheels",39052,"Burbank, CA",CLEAN
5YJSA1E26HF204448,61100,Model S,2017,Dual Motor 100Kwh,Pearl White Multi-Coat,Tan,"19"" Sport Wheels",23365,"Chesterfield, MO",CLEAN
5YJSA1E26HF234162,61100,Model S,2017,Dual Motor 100Kwh,Pearl White Multi-Coat,Black,"19"" Sport Wheels",22488,"Lathrop, CA",CLEAN
5YJSA1E27HF205558,61200,Model S,2017,Dual Motor 100Kwh,Model X Grey,Black,"19"" Sport Wheels",36537,"Carlsbad, CA",CLEAN
5YJSA1E22HF219609,61200,Model S,2017,Dual Motor 100Kwh,Deep Blue Metallic,Cream Premium,"19"" Sport Wheels",16787,"Colma, CA",CLEAN
5YJSA1E27HF215412,61300,Model S,2017,Dual Motor 100Kwh,Deep Blue Metallic,Cream Premium,"19"" Sport Wheels",19370,"Fremont, CA",CLEAN
5YJSA1E22HF224342,61600,Model S,2017,Dual Motor 100Kwh,Solid Black,Black,"19"" Sport Wheels",13548,"Hawthorne, CA",CLEAN
5YJSA1E26HF215045,61600,Model S,2017,Dual Motor 100Kwh,Solid Black,Black Cloth,"19"" Sport Wheels",22009,"Springfield, NJ",CLEAN
5YJSA1E28HF204287,61900,Model S,2017,Dual Motor 100Kwh,Deep Blue Metallic,Black,"19"" Sport Wheels",15966,"Pomona, CA",CLEAN
5YJSA1E2XHF209877,61300,Model S,2017,Dual Motor 100Kwh,Solid Black,Black Cloth,"19"" Sport Wheels",20489,"Lynnwood, WA",CLEAN
5YJSA1E20HF187338,61400,Model S,2017,Dual Motor 100Kwh,Red Multi-Coat,White,"19"" Sport Wheels",26275,"Portland, OR",CLEAN
5YJSA1E25HF202576,62000,Model S,2017,Dual Motor 100Kwh,Model X Grey,Tan,"19"" Sport Wheels",18353,"Carlsbad, CA",CLEAN
5YJSA1E26HF219757,62300,Model S,2017,Dual Motor 100Kwh,Deep Blue Metallic,Cream Premium,"19"" Sport Wheels",15216,"Tampa, FL",CLEAN
5YJSA1E29HF210695,62300,Model S,2017,Dual Motor 100Kwh,Model X Grey,Black Cloth,"19"" Sport Wheels",23863,"Lathrop, CA",CLEAN
5YJSA1E25HF227395,62300,Model S,2017,Dual Motor 100Kwh,Pearl White Multi-Coat,Cream Premium,"19"" Sport Wheels",23209,"Lathrop, CA",CLEAN
5YJSA1E27HF227012,62400,Model S,2017,Dual Motor 100Kwh,Silver Metallic,Black,"19"" Sport Wheels",18543,"Miami, FL",PREVIOUS ACCIDENT(S)
5YJSA1E20HF216076,62500,Model S,2017,Dual Motor 100Kwh,Model X Grey,Black,"19"" Sport Wheels",30160,"Tempe, AZ",CLEAN
5YJSA1E26HF204370,62500,Model S,2017,Dual Motor 100Kwh,Deep Blue Metallic,Black,"19"" Sport Wheels",16463,"Los Angeles, CA",CLEAN
5YJSA1E20HF228020,62700,Model S,2017,Dual Motor 100Kwh,Deep Blue Metallic,Cream Premium,"19"" Sport Wheels",21423,"Lathrop, CA",CLEAN
5YJSA1E29HF224631,62800,Model S,2017,Dual Motor 100Kwh,Silver Metallic,Black,"21"" Wheels",19859,"Lathrop, CA",CLEAN
5YJSA1E2XHF224783,62800,Model S,2017,Dual Motor 100Kwh,Solid Black,Black,"19"" Sport Wheels",7208,"Scottsdale, AZ",CLEAN
5YJ3E1EA3LF612477,33700,Model 3,2020,Standard Range Plus RWD,Pearl White Multi-Coat,Premium Black,"18"" Aero Wheels",13991,"South Salt Lake City, UT",CLEAN
5YJ3E1EA6KF428830,33900,Model 3,2019,Standard Range Plus RWD,Pearl White Multi-Coat,Premium Black,"18"" Aero Wheels",2286,"Lathrop, CA",CLEAN
5YJ3E1EA3KF484160,34200,Model 3,2019,Standard Range Plus RWD,Pearl White Multi-Coat,Premium Black,"18"" Aero Wheels",9893,"Lathrop, CA",CLEAN
5YJ3E1EA4KF504092,34500,Model 3,2019,Standard Range Plus RWD,Deep Blue Metallic,Premium Black,"18"" Aero Wheels",2640,"Lathrop, CA",CLEAN
5YJ3E1EA8JF056549,34500,Model 3,2018,Long Range RWD,Solid Black,Premium Black,"18"" Aero Wheels",25873,"Lathrop, CA",PREVIOUS ACCIDENT(S)
5YJ3E1EA7LF747302,35000,Model 3,2020,Standard Range Plus RWD,Midnight Silver Metallic,Premium Black,"19"" Sport Wheels",2673,"Lathrop, CA",CLEAN
5YJ3E1EA8JF048063,35000,Model 3,2018,Long Range RWD,Red Multi-Coat,Premium Black,"18"" Aero Wheels",25889,"Lathrop, CA",CLEAN
5YJ3E1EA7JF156853,35600,Model 3,2018,Medium Range RWD,Solid Black,Premium Black,"18"" Aero Wheels",14570,"Hawthorne, CA",CLEAN
5YJ3E1EA9LF744000,35700,Model 3,2020,Standard Range Plus RWD,Pearl White Multi-Coat,Premium Black and White,"18"" Aero Wheels",7666,"Matthews, NC",CLEAN
5YJ3E1EA0HF002026,35800,Model 3,2017,Long Range RWD,Deep Blue Metallic,Premium Black,"19"" Sport Wheels",15045,"Lathrop, CA",CLEAN
5YJ3E1EA3JF161855,35900,Model 3,2018,Medium Range RWD,Pearl White Multi-Coat,Premium Black,"18"" Aero Wheels",11666,"Hawthorne, CA",CLEAN
5YJ3E1EA9JF041462,36200,Model 3,2018,Long Range RWD,Midnight Silver Metallic,Premium Black,"18"" Aero Wheels",15388,"Las Vegas, NV",PREVIOUS ACCIDENT(S)
5YJ3E1EB0JF084791,36200,Model 3,2018,Long Range AWD,Midnight Silver Metallic,Premium Black,"18"" Aero Wheels",40009,"Lathrop, CA",CLEAN
5YJ3E1EA8LF743386,36700,Model 3,2020,Standard Range Plus RWD,Midnight Silver Metallic,Premium Black,"18"" Aero Wheels",2997,"Lathrop, CA",CLEAN
5YJ3E1EA7JF043131,36900,Model 3,2018,Long Range RWD,Red Multi-Coat,Premium Black,"18"" Aero Wheels",17364,"Pomona, CA",CLEAN
5YJ3E1EA2KF324190,37000,Model 3,2019,Long Range RWD,Solid Black,Premium Black,"18"" Aero Wheels",26556,"Kansas City, MO",CLEAN
5YJ3E1EA7JF126073,37400,Model 3,2018,Long Range RWD,Red Multi-Coat,Premium Black,"19"" Sport Wheels",21642,"Roswell, GA",CLEAN
5YJ3E1EA3KF412441,37500,Model 3,2019,Standard Range Plus RWD,Solid Black,Premium Black,"19"" Sport Wheels",28908,"Matthews, NC",CLEAN
5YJ3E1EA4JF161699,37700,Model 3,2018,Medium Range RWD,Pearl White Multi-Coat,Premium Black,"18"" Aero Wheels",24193,"Carlsbad, CA",CLEAN
5YJ3E1EA0KF434851,37800,Model 3,2019,Standard Range Plus RWD,Solid Black,Premium Black,"18"" Aero Wheels",21619,"Tampa, FL",CLEAN
5YJ3E1EA7LF804453,37900,Model 3,2020,Standard Range Plus RWD,Solid Black,Premium Black,"18"" Aero Wheels",118,"Costa Mesa, CA",CLEAN
5YJ3E1EA3KF484501,38300,Model 3,2019,Standard Range Plus RWD,Pearl White Multi-Coat,Premium Black,"18"" Aero Wheels",14910,"Lathrop, CA",CLEAN
5YJ3E1EA0JF162588,38300,Model 3,2018,Medium Range RWD,Pearl White Multi-Coat,Premium Black,"18"" Aero Wheels",16021,"Lathrop, CA",CLEAN
5YJ3E1EA2KF395972,38600,Model 3,2019,Standard Range Plus RWD,Solid Black,Premium Black,"18"" Aero Wheels",13716,"Pomona, CA",CLEAN
5YJ3E1EA6KF332891,38600,Model 3,2019,Long Range RWD,Pearl White Multi-Coat,Premium Black and White,"19"" Sport Wheels",15065,"Owings Mills, MD",CLEAN
5YJ3E1EA1KF314282,38700,Model 3,2019,Long Range RWD,Solid Black,Premium Black,"19"" Sport Wheels",18495,"Lathrop, CA",CLEAN
5YJ3E1EA5JF037652,38900,Model 3,2018,Long Range RWD,Red Multi-Coat,Premium Black,"18"" Aero Wheels",36939,"Lathrop, CA",CLEAN
5YJ3E1EA9JF102647,39200,Model 3,2018,Long Range RWD,Deep Blue Metallic,Premium Black,"18"" Aero Wheels",30317,"Lathrop, CA",CLEAN
5YJ3E1EA8JF053683,39200,Model 3,2018,Long Range RWD,Pearl White Multi-Coat,Premium Black,"19"" Sport Wheels",42014,"Buena Park, CA",CLEAN
5YJ3E1EA3KF302067,39200,Model 3,2019,Standard Range Plus RWD,Pearl White Multi-Coat,Premium Black and White,"18"" Aero Wheels",18345,,CLEAN
5YJ3E1EA5JF039420,39200,Model 3,2018,Long Range RWD,Deep Blue Metallic,Premium Black,"18"" Aero Wheels",52606,"Lathrop, CA",CLEAN
5YJ3E1EA5JF049719,39300,Model 3,2018,Long Range RWD,Red Multi-Coat,Premium Black,"19"" Sport Wheels",54621,,CLEAN
5YJ3E1EA1JF164351,39300,Model 3,2018,Medium Range RWD,Deep Blue Metallic,Premium Black,"19"" Sport Wheels",27471,"Pomona, CA",CLEAN
5YJ3E1EB8JF068547,39400,Model 3,2018,Long Range AWD,Midnight Silver Metallic,Premium Black,"19"" Sport Wheels",19073,"Columbus, OH",CLEAN
5YJ3E1EB6JF183793,39500,Model 3,2018,Long Range AWD,Solid Black,Premium Black,"18"" Aero Wheels",24089,"Santa Barbara, CA",CLEAN
5YJ3E1EA1KF476056,39700,Model 3,2019,Standard Range Plus RWD,Midnight Silver Metallic,Premium Black,"19"" Sport Wheels",10168,"Lathrop, CA",CLEAN
5YJ3E1EA9KF430684,39700,Model 3,2019,Standard Range Plus RWD,Pearl White Multi-Coat,Premium Black,"18"" Aero Wheels",15057,"Warwick, RI",CLEAN
5YJ3E1EA7KF425418,39700,Model 3,2019,Standard Range Plus RWD,Midnight Silver Metallic,Premium Black,"19"" Sport Wheels",10463,"Lathrop, CA",CLEAN
5YJ3E1EA9JF035449,39700,Model 3,2018,Long Range RWD,Pearl White Multi-Coat,Premium Black,"18"" Aero Wheels",47316,"Lathrop, CA",CLEAN
5YJ3E1EAXJF048372,39700,Model 3,2018,Long Range RWD,Midnight Silver Metallic,Premium Black,"19"" Sport Wheels",41636,"Pomona, CA",CLEAN
5YJ3E1EAXHF001823,39800,Model 3,2017,Long Range RWD,Silver Metallic,Premium Black,"19"" Sport Wheels",27472,"Scottsdale, AZ",CLEAN
5YJ3E1EA4JF098779,39800,Model 3,2018,Long Range RWD,Deep Blue Metallic,Premium Black,"18"" Aero Wheels",25949,"Lathrop, CA",CLEAN
5YJ3E1EA8JF173483,39800,Model 3,2018,Medium Range RWD,Solid Black,Premium Black,"18"" Aero Wheels",23809,"Lathrop, CA",CLEAN
5YJ3E1EA0JF051832,39800,Model 3,2018,Long Range RWD,Solid Black,Premium Black,"18"" Aero Wheels",34539,"Mt. Kisco, NY",CLEAN
5YJ3E1EA2JF076795,39900,Model 3,2018,Long Range RWD,Deep Blue Metallic,Premium Black,"18"" Aero Wheels",34725,"Springfield, NJ",CLEAN
5YJ3E1EA6KF483441,39900,Model 3,2019,Standard Range Plus RWD,Deep Blue Metallic,Premium Black,"18"" Aero Wheels",5514,"Dedham, MA",CLEAN
5YJ3E1EA0JF028924,40000,Model 3,2018,Long Range RWD,Midnight Silver Metallic,Premium Black,"19"" Sport Wheels",41593,"Springfield, NJ",CLEAN
5YJ3E1EA5JF005395,40000,Model 3,2018,Long Range RWD,Red Multi-Coat,Premium Black,"18"" Aero Wheels",42142,"Raleigh, NC",CLEAN
5YJ3E1EA4JF045418,40000,Model 3,2018,Long Range RWD,Midnight Silver Metallic,Premium Black,"18"" Aero Wheels",26349,"Lathrop, CA",CLEAN
5YJ3E1EA4JF027209,40100,Model 3,2018,Long Range RWD,Pearl White Multi-Coat,Premium Black,"18"" Aero Wheels",37271,"Cherry Hill, NJ",CLEAN
5YJ3E1EA1JF008164,40100,Model 3,2018,Long Range RWD,Deep Blue Metallic,Premium Black,"19"" Sport Wheels",36875,"Rockville, MD",CLEAN
5YJ3E1EA6JF045811,40200,Model 3,2018,Long Range RWD,Midnight Silver Metallic,Premium Black,"18"" Aero Wheels",43394,"Glen Allen, VA",CLEAN
5YJ3E1EA6LF631668,40200,Model 3,2020,Standard Range Plus RWD,Deep Blue Metallic,Premium Black,"18"" Aero Wheels",12397,"Lathrop, CA",CLEAN
5YJ3E1EA9JF186498,40300,Model 3,2018,Medium Range RWD,Pearl White Multi-Coat,Premium Black and White,"19"" Sport Wheels",26362,"Tampa, FL",CLEAN
5YJ3E1EA3JF039545,40600,Model 3,2018,Long Range RWD,Deep Blue Metallic,Premium Black,"18"" Aero Wheels",20602,"Vienna, VA",PREVIOUS ACCIDENT(S)
5YJ3E1EB4JF114746,40600,Model 3,2018,Long Range AWD,Red Multi-Coat,Premium Black,"18"" Aero Wheels",62969,"Glen Allen, VA",CLEAN
5YJ3E1EA3JF124031,40700,Model 3,2018,Long Range RWD,Midnight Silver Metallic,Premium Black,"18"" Aero Wheels",20209,"Lathrop, CA",CLEAN
5YJ3E1EB1JF108659,40700,Model 3,2018,Long Range AWD,Pearl White Multi-Coat,Premium Black,"18"" Aero Wheels",10328,"Tempe, AZ",CLEAN
5YJ3E1EA9JF151878,40900,Model 3,2018,Medium Range RWD,Solid Black,Premium Black,"18"" Aero Wheels",13447,"Littleton, CO",CLEAN
5YJ3E1EA7JF043940,41000,Model 3,2018,Long Range RWD,Midnight Silver Metallic,Premium Black,"18"" Aero Wheels",13122,"Lathrop, CA",CLEAN
5YJ3E1EBXJF119238,41100,Model 3,2018,Long Range AWD,Midnight Silver Metallic,Premium Black,"18"" Aero Wheels",13834,"Columbus, OH",CLEAN
5YJ3E1EA3LF633961,41100,Model 3,2020,Standard Range Plus RWD,Deep Blue Metallic,Premium Black,"18"" Aero Wheels",8183,"Raleigh, NC",CLEAN
5YJ3E1EB3JF188160,41200,Model 3,2018,Long Range AWD,Midnight Silver Metallic,Premium Black and White,"19"" Sport Wheels",9902,"Burbank, CA",CLEAN
5YJ3E1EA0JF108336,41300,Model 3,2018,Long Range RWD,Solid Black,Premium Black,"18"" Aero Wheels",17116,"Mt. Kisco, NY",CLEAN
5YJ3E1EAXJF047514,41300,Model 3,2018,Long Range RWD,Midnight Silver Metallic,Premium Black,"19"" Sport Wheels",16604,"Lathrop, CA",PREVIOUS ACCIDENT(S)
5YJ3E1EA9JF017064,41400,Model 3,2018,Long Range RWD,Deep Blue Metallic,Premium Black,"18"" Aero Wheels",19770,"Pomona, CA",CLEAN
5YJ3E1EA1LF706809,41500,Model 3,2020,Standard Range Plus RWD,Pearl White Multi-Coat,Premium Black,"18"" Aero Wheels",6494,"Warwick, RI",CLEAN
5YJ3E1EA3LF634463,41600,Model 3,2020,Standard Range Plus RWD,Midnight Silver Metallic,Premium Black,"19"" Sport Wheels",2967,"Costa Mesa, CA",CLEAN
5YJ3E1EA6KF436071,41600,Model 3,2019,Standard Range Plus RWD,Deep Blue Metallic,Premium Black,"18"" Aero Wheels",13102,"Hawthorne, CA",CLEAN
5YJ3E1EA1JF051449,41700,Model 3,2018,Long Range RWD,Pearl White Multi-Coat,Premium Black,"18"" Aero Wheels",31474,"Jacksonville, FL",CLEAN
5YJ3E1EA5JF164725,41700,Model 3,2018,Medium Range RWD,Pearl White Multi-Coat,Premium Black,"19"" Sport Wheels",22490,"Pomona, CA",CLEAN
5YJ3E1EA6JF048515,41700,Model 3,2018,Long Range RWD,Deep Blue Metallic,Premium Black,"19"" Sport Wheels",30096,"Torrance, CA",CLEAN
5YJ3E1EAXJF026226,41800,Model 3,2018,Long Range RWD,Pearl White Multi-Coat,Premium Black,"18"" Aero Wheels",18932,"Denver, CO",CLEAN
5YJ3E1EB3KF511978,41900,Model 3,2019,Long Range AWD,Pearl White Multi-Coat,Premium Black,"18"" Aero Wheels",15833,"Raleigh, NC",CLEAN
5YJ3E1EA0JF052284,42300,Model 3,2018,Long Range RWD,Deep Blue Metallic,Premium Black,"18"" Aero Wheels",19127,"Pomona, CA",CLEAN
5YJ3E1EAXJF102186,42300,Model 3,2018,Long Range RWD,Deep Blue Metallic,Premium Black,"18"" Aero Wheels",14800,"Eatonville, FL",CLEAN
5YJ3E1EA1JF021870,42400,Model 3,2018,Long Range RWD,Midnight Silver Metallic,Premium Black,"18"" Aero Wheels",17313,"Las Vegas, NV",CLEAN
5YJ3E1EA5JF101978,42400,Model 3,2018,Long Range RWD,Midnight Silver Metallic,Premium Black,"18"" Aero Wheels",18425,"Lathrop, CA",CLEAN
5YJ3E1EA2JF060774,42400,Model 3,2018,Long Range RWD,Silver Metallic,Premium Black,"18"" Aero Wheels",30338,"Lathrop, CA",CLEAN
5YJ3E1EBXKF361576,43100,Model 3,2019,Long Range AWD,Pearl White Multi-Coat,Premium Black,"18"" Aero Wheels",27068,"Littleton, CO",PREVIOUS ACCIDENT(S)
5YJ3E1EA8JF060925,43200,Model 3,2018,Long Range RWD,Silver Metallic,Premium Black,"19"" Sport Wheels",12088,"Lathrop, CA",CLEAN
5YJ3E1EA0JF071045,43200,Model 3,2018,Long Range RWD,Solid Black,Premium Black,"19"" Sport Wheels",6752,"Hawthorne, CA",CLEAN
5YJ3E1EA7JF177976,43200,Model 3,2018,Medium Range RWD,Solid Black,Premium Black and White,"19"" Sport Wheels",15217,"Costa Mesa, CA",CLEAN
5YJ3E1EA7JF059233,43200,Model 3,2018,Long Range RWD,Deep Blue Metallic,Premium Black,"18"" Aero Wheels",14892,"Carlsbad, CA",CLEAN
5YJ3E1EB9KF510091,43300,Model 3,2019,Long Range AWD,Midnight Silver Metallic,Premium Black,"18"" Aero Wheels",10669,"Santa Ana, CA",CLEAN
5YJ3E1EB4LF636263,43300,Model 3,2020,Long Range AWD,Deep Blue Metallic,Premium Black,"18"" Aero Wheels",8106,"Pomona, CA",CLEAN
5YJ3E1EA0KF326150,43300,Model 3,2019,Long Range RWD,Deep Blue Metallic,Premium Black,"18"" Aero Wheels",20902,"Scottsdale, AZ",CLEAN
5YJ3E1EB8JF118962,43400,Model 3,2018,Long Range AWD,Solid Black,Premium Black,"18"" Aero Wheels",17927,"Tampa, FL",CLEAN
5YJ3E1EA6LF804914,43400,Model 3,2020,Standard Range Plus RWD,Deep Blue Metallic,Premium Black and White,"18"" Aero Wheels",1311,"Santa Barbara, CA",CLEAN
5YJ3E1EB7JF170227,43500,Model 3,2018,Long Range AWD,Midnight Silver Metallic,Premium Black and White,"18"" Aero Wheels",29625,"Lathrop, CA",CLEAN
5YJ3E1EA2KF332578,43500,Model 3,2019,Long Range RWD,Pearl White Multi-Coat,Premium Black and White,"18"" Aero Wheels",19298,"Nashville, TN",CLEAN
5YJ3E1EA0LF805072,43500,Model 3,2020,Standard Range Plus RWD,Pearl White Multi-Coat,Premium Black and White,"18"" Aero Wheels",1884,"Walnut, CA",CLEAN
5YJ3E1EA3LF797503,43600,Model 3,2020,Standard Range Plus RWD,Pearl White Multi-Coat,Premium Black,"19"" Sport Wheels",2640,"Carlsbad, CA",CLEAN
5YJ3E1EA9JF021180,43600,Model 3,2018,Long Range RWD,Midnight Silver Metallic,Premium Black,"18"" Aero Wheels",14252,"Renton, WA",CLEAN
5YJ3E1EB3KF469392,43600,Model 3,2019,Long Range AWD,Pearl White Multi-Coat,Premium Black,"19"" Sport Wheels",4738,"Hawthorne, CA",CLEAN
5YJ3E1EA5LF805746,43700,Model 3,2020,Standard Range Plus RWD,Pearl White Multi-Coat,Premium Black,"18"" Aero Wheels",1310,"Lathrop, CA",CLEAN
5YJ3E1EA4JF108890,43800,Model 3,2018,Long Range RWD,Solid Black,Premium Black,"18"" Aero Wheels",23862,"Raleigh, NC",CLEAN
5YJ3E1EA0LF802589,43800,Model 3,2020,Standard Range Plus RWD,Pearl White Multi-Coat,Premium Black and White,"18"" Aero Wheels",1132,"Los Angeles, CA",CLEAN
5YJ3E1EA4JF123714,43900,Model 3,2018,Long Range RWD,Midnight Silver Metallic,Premium Black,"18"" Aero Wheels",11855,"Lathrop, CA",CLEAN
5YJ3E1EA5JF108977,43500,Model 3,2018,Long Range RWD,Deep Blue Metallic,Premium Black,"19"" Sport Wheels",20731,"Mt. Kisco, NY",CLEAN
5YJ3E1EA2JF042226,43700,Model 3,2018,Long Range RWD,Solid Black,Premium Black,"18"" Aero Wheels",8070,"Mt. Kisco, NY",CLEAN
5YJ3E1EB1KF208780,44000,Model 3,2019,Long Range AWD,Solid Black,Premium Black,"18"" Aero Wheels",47510,"Wexford, PA",CLEAN
5YJ3E1EB7JF131203,44000,Model 3,2018,Long Range AWD,Pearl White Multi-Coat,Premium Black,"18"" Aero Wheels",27421,"Springfield, NJ",CLEAN
5YJ3E1EA6LF635011,44100,Model 3,2020,Standard Range Plus RWD,Pearl White Multi-Coat,Premium Black and White,"19"" Sport Wheels",6374,"Miami, FL",CLEAN
5YJ3E1EA1JF021562,44100,Model 3,2018,Long Range RWD,Midnight Silver Metallic,Premium Black,"18"" Aero Wheels",13801,"Tampa, FL",CLEAN
5YJ3E1EB3JF093789,44300,Model 3,2018,Long Range AWD,Pearl White Multi-Coat,Premium Black,"18"" Aero Wheels",22353,"Lathrop, CA",CLEAN
5YJ3E1EB8JF146647,44300,Model 3,2018,Long Range AWD,Pearl White Multi-Coat,Premium Black,"19"" Sport Wheels",16503,"Lathrop, CA",CLEAN
5YJ3E1EB5KF437687,44400,Model 3,2019,Long Range AWD Performance,Pearl White Multi-Coat,Premium Black,"19"" Sport Wheels",32412,"Owings Mills, MD",CLEAN
5YJ3E1EA5JF077570,44400,Model 3,2018,Long Range RWD,Midnight Silver Metallic,Premium Black,"18"" Aero Wheels",11624,"Los Angeles, CA",CLEAN
5YJ3E1EB5KF510928,44600,Model 3,2019,Long Range AWD,Pearl White Multi-Coat,Premium Black,"18"" Aero Wheels",20151,"Lathrop, CA",CLEAN
5YJ3E1EB2LF665874,44600,Model 3,2020,Long Range AWD,Pearl White Multi-Coat,Premium Black,"18"" Aero Wheels",3847,"Littleton, CO",CLEAN
5YJ3E1EB9JF096809,44700,Model 3,2018,Long Range AWD Performance,Pearl White Multi-Coat,Premium Black and White,"18"" Aero Wheels",20805,"Paramus, NJ",CLEAN
5YJ3E1EB9JF064751,44700,Model 3,2018,Long Range AWD,Deep Blue Metallic,Premium Black,"18"" Aero Wheels",19327,"Lathrop, CA",CLEAN
5YJ3E1EB8LF651770,44700,Model 3,2020,Long Range AWD,Pearl White Multi-Coat,Premium Black and White,"18"" Aero Wheels",7209,"Santa Ana, CA",CLEAN
5YJ3E1EBXJF086340,44700,Model 3,2018,Long Range AWD,Pearl White Multi-Coat,Premium Black and White,"18"" Aero Wheels",27724,"Tampa, FL",CLEAN
5YJ3E1EA4LF807875,44800,Model 3,2020,Standard Range Plus RWD,Solid Black,Premium Black,"19"" Sport Wheels",536,"Costa Mesa, CA",CLEAN
5YJ3E1EB3KF191609,44800,Model 3,2019,Long Range AWD,Pearl White Multi-Coat,Premium Black,"18"" Aero Wheels",24879,"Scottsdale, AZ",CLEAN
5YJ3E1EB8LF662896,44800,Model 3,2020,Long Range AWD,Solid Black,Premium Black,"18"" Aero Wheels",11166,"Littleton, CO",CLEAN
5YJ3E1EB9JF099984,44900,Model 3,2018,Long Range AWD,Pearl White Multi-Coat,Premium Black and White,"18"" Aero Wheels",31095,"Elk Grove Village, IL",CLEAN
5YJ3E1EB1JF131178,44900,Model 3,2018,Long Range AWD,Pearl White Multi-Coat,Premium Black,"18"" Aero Wheels",18098,"Lathrop, CA",CLEAN
5YJ3E1EB5LF667229,44900,Model 3,2020,Long Range AWD,Deep Blue Metallic,Premium Black,"19"" Sport Wheels",1654,"Lathrop, CA",CLEAN
5YJ3E1EA8LF806602,45000,Model 3,2020,Standard Range Plus RWD,Pearl White Multi-Coat,Premium Black,"19"" Sport Wheels",3944,"Lathrop, CA",CLEAN
5YJ3E1EA6JF048269,45200,Model 3,2018,Long Range RWD,Midnight Silver Metallic,Premium Black,"19"" Sport Wheels",8942,"Burbank, CA",CLEAN
5YJ3E1EB1KF436942,45200,Model 3,2019,Long Range AWD,Pearl White Multi-Coat,Premium Black,"18"" Aero Wheels",16108,"Santa Ana, CA",CLEAN
5YJ3E1EB2JF117239,45300,Model 3,2018,Long Range AWD,Red Multi-Coat,Premium Black,"19"" Sport Wheels",26727,"Mt. Kisco, NY",CLEAN
5YJ3E1EA9JF123238,45400,Model 3,2018,Long Range RWD,Solid Black,Premium Black,"18"" Aero Wheels",17213,,CLEAN
5YJ3E1EB7LF720156,45900,Model 3,2020,Long Range AWD,Pearl White Multi-Coat,Premium Black and White,"18"" Aero Wheels",167,"Lyndhurst, OH",CLEAN
5YJ3E1EBXJF119207,46000,Model 3,2018,Long Range AWD,Midnight Silver Metallic,Premium Black,"18"" Aero Wheels",20653,"Boise, ID",CLEAN
5YJ3E1EB3JF181418,46100,Model 3,2018,Long Range AWD,Pearl White Multi-Coat,Premium Black,"18"" Aero Wheels",21848,"Santa Ana, CA",CLEAN
5YJ3E1EBXJF087388,46300,Model 3,2018,Long Range AWD,Midnight Silver Metallic,Premium Black,"19"" Sport Wheels",20347,"Minneapolis, MN",CLEAN
5YJ3E1EB9KF213032,46400,Model 3,2019,Long Range AWD,Pearl White Multi-Coat,Premium Black,"19"" Sport Wheels",28514,"Bakersfield, CA",CLEAN
5YJ3E1EB4JF117047,46500,Model 3,2018,Long Range AWD,Silver Metallic,Premium Black,"19"" Sport Wheels",19454,"Owings Mills, MD",CLEAN
5YJ3E1EB3JF184741,46600,Model 3,2018,Long Range AWD,Solid Black,Premium Black,"19"" Sport Wheels",10823,"Burbank, CA",CLEAN
5YJ3E1EB2JF067443,46800,Model 3,2018,Long Range AWD,Pearl White Multi-Coat,Premium Black,"19"" Sport Wheels",9567,"Las Vegas, NV",CLEAN
5YJ3E1EBXKF205845,46800,Model 3,2019,Long Range AWD,Midnight Silver Metallic,Premium Black,"19"" Sport Wheels",21355,"Owings Mills, MD",CLEAN
5YJ3E1EB6JF182577,46900,Model 3,2018,Long Range AWD,Pearl White Multi-Coat,Premium Black,"18"" Aero Wheels",12608,"Kansas City, MO",CLEAN
5YJ3E1EB2KF387539,46900,Model 3,2019,Long Range AWD,Deep Blue Metallic,Premium Black,"18"" Aero Wheels",30953,"Maplewood, MN",CLEAN
5YJ3E1EB8JF129895,46900,Model 3,2018,Long Range AWD,Red Multi-Coat,Premium Black,"18"" Aero Wheels",11173,"Carlsbad, CA",CLEAN
5YJ3E1EBXKF418374,47000,Model 3,2019,Long Range AWD Performance,Pearl White Multi-Coat,Premium Black,"18"" Aero Wheels",39925,"Owings Mills, MD",CLEAN
5YJ3E1EB0KF429464,47000,Model 3,2019,Long Range AWD,Pearl White Multi-Coat,Premium Black,"19"" Sport Wheels",25082,"Lathrop, CA",CLEAN
5YJ3E1EB7KF210484,47000,Model 3,2019,Long Range AWD,Solid Black,Premium Black,"18"" Aero Wheels",25631,"Minneapolis, MN",CLEAN
5YJ3E1EB3KF442290,47100,Model 3,2019,Long Range AWD,Pearl White Multi-Coat,Premium Black,"18"" Aero Wheels",15908,"Westmont, IL",CLEAN
5YJ3E1EB2JF079947,47300,Model 3,2018,Long Range AWD Performance,Red Multi-Coat,Premium Black and White,"20"" Fragile Wheels",47359,"Glen Allen, VA",CLEAN
5YJ3E1EB8KF194554,47400,Model 3,2019,Long Range AWD,Red Multi-Coat,Premium Black,"19"" Sport Wheels",11836,"Scottsdale, AZ",CLEAN
5YJ3E1EB3KF390532,47500,Model 3,2019,Long Range AWD,Solid Black,Premium Black and White,"18"" Aero Wheels",13499,"Las Vegas, NV",CLEAN
5YJ3E1EB2LF801811,47500,Model 3,2020,Long Range AWD,Solid Black,Premium Black and White,"19"" Sport Wheels",1106,"Lathrop, CA",CLEAN
5YJ3E1EB7KF513099,47100,Model 3,2019,Long Range AWD,Pearl White Multi-Coat,Premium Black and White,"18"" Aero Wheels",18291,"Littleton, CO",CLEAN
5YJ3E1EB9JF104729,47300,Model 3,2018,Long Range AWD,Red Multi-Coat,Premium Black,"18"" Aero Wheels",17172,"Denver, CO",CLEAN
5YJ3E1EB1KF453143,47600,Model 3,2019,Long Range AWD,Midnight Silver Metallic,Premium Black,"18"" Aero Wheels",15287,"South Salt Lake City, UT",CLEAN
5YJ3E1EB1KF389637,47700,Model 3,2019,Long Range AWD,Red Multi-Coat,Premium Black,"19"" Sport Wheels",7447,"Van Nuys, CA",CLEAN
5YJ3E1EB6KF365916,47700,Model 3,2019,Long Range AWD,Pearl White Multi-Coat,Premium Black and White,"18"" Aero Wheels",14010,"Pomona, CA",CLEAN
5YJ3E1EBXLF619466,47800,Model 3,2020,Long Range AWD,Pearl White Multi-Coat,Premium Black,"18"" Aero Wheels",6166,"Lathrop, CA",CLEAN
5YJ3E1EB4LF801499,48000,Model 3,2020,Long Range AWD,Pearl White Multi-Coat,Premium Black,"19"" Sport Wheels",1891,"Littleton, CO",CLEAN
5YJ3E1EB5LF742656,48000,Model 3,2020,Long Range AWD,Pearl White Multi-Coat,Premium Black and White,"18"" Aero Wheels",3468,"Denver, CO",CLEAN
5YJ3E1EB0JF086167,48100,Model 3,2018,Long Range AWD,Deep Blue Metallic,Premium Black and White,"18"" Aero Wheels",12186,"Santa Ana, CA",CLEAN
5YJ3E1EB0KF477501,48100,Model 3,2019,Long Range AWD,Pearl White Multi-Coat,Premium Black,"19"" Sport Wheels",10469,"Costa Mesa, CA",CLEAN
5YJ3E1EB0KF359559,48200,Model 3,2019,Long Range AWD,Pearl White Multi-Coat,Premium Black,"18"" Aero Wheels",18168,"Costa Mesa, CA",CLEAN
5YJ3E1EB8JF066328,48300,Model 3,2018,Long Range AWD,Midnight Silver Metallic,Premium Black,"18"" Aero Wheels",14249,"Miami, FL",CLEAN
5YJ3E1EB8LF637514,48600,Model 3,2020,Long Range AWD,Pearl White Multi-Coat,Premium Black,"18"" Aero Wheels",9842,"Lathrop, CA",CLEAN
5YJ3E1EB4LF807237,48600,Model 3,2020,Long Range AWD,Pearl White Multi-Coat,Premium Black,"19"" Sport Wheels",3871,"Carlsbad, CA",CLEAN
5YJ3E1EB2KF432818,48600,Model 3,2019,Long Range AWD,Red Multi-Coat,Premium Black,"18"" Aero Wheels",14281,"Eatonville, FL",CLEAN
5YJ3E1EB1LF806689,49100,Model 3,2020,Long Range AWD,Pearl White Multi-Coat,Premium Black and White,"18"" Aero Wheels",288,"Hawthorne, CA",CLEAN
5YJ3E1EBXLF803077,49100,Model 3,2020,Long Range AWD,Deep Blue Metallic,Premium Black,"18"" Aero Wheels",73,"Hawthorne, CA",CLEAN
5YJ3E1EB8LF619708,49300,Model 3,2020,Long Range AWD,Pearl White Multi-Coat,Premium Black,"18"" Aero Wheels",11504,"Lisle, IL",CLEAN
5YJ3E1EB8LF651381,49400,Model 3,2020,Long Range AWD,Solid Black,Premium Black and White,"18"" Aero Wheels",5628,"Palo Alto, CA",CLEAN
5YJ3E1EB0KF537549,49500,Model 3,2019,Long Range AWD,Red Multi-Coat,Premium Black and White,"19"" Sport Wheels",4404,"Lathrop, CA",CLEAN
5YJ3E1EB7LF746563,49700,Model 3,2020,Long Range AWD,Pearl White Multi-Coat,Premium Black,"18"" Aero Wheels",3817,"Lathrop, CA",CLEAN
5YJ3E1EB8LF617022,49900,Model 3,2020,Long Range AWD,Red Multi-Coat,Premium Black,"18"" Aero Wheels",1745,"Scottsdale, AZ",CLEAN
5YJ3E1EB4KF454061,50100,Model 3,2019,Long Range AWD,Pearl White Multi-Coat,Premium Black,"19"" Sport Wheels",4840,"Rockville, MD",CLEAN
5YJ3E1EB8LF665815,50300,Model 3,2020,Long Range AWD,Pearl White Multi-Coat,Premium Black,"18"" Aero Wheels",4743,"Hawthorne, CA",CLEAN
5YJ3E1EB4KF512671,50500,Model 3,2019,Long Range AWD,Pearl White Multi-Coat,Premium Black,"19"" Sport Wheels",11004,"Lathrop, CA",CLEAN
5YJ3E1EB9LF667766,50700,Model 3,2020,Long Range AWD,Pearl White Multi-Coat,Premium Black,"19"" Sport Wheels",9138,"Carlsbad, CA",CLEAN
5YJ3E1EB7LF663618,50800,Model 3,2020,Long Range AWD,Midnight Silver Metallic,Premium Black,"18"" Aero Wheels",6228,"West Palm Beach, FL",CLEAN
5YJ3E1EB2LF647598,52000,Model 3,2020,Long Range AWD,Deep Blue Metallic,Premium Black,"18"" Aero Wheels",7998,,CLEAN
5YJ3E1EB9KF425624,52100,Model 3,2019,Long Range AWD Performance,Pearl White Multi-Coat,Premium Black,"20"" Fragile Wheels",25049,"Tampa, FL",CLEAN
5YJ3E1EB0LF600862,52200,Model 3,2020,Long Range AWD,Solid Black,Premium Black,"19"" Sport Wheels",9021,"Pomona, CA",CLEAN
5YJ3E1EB3LF746351,52700,Model 3,2020,Long Range AWD,Red Multi-Coat,Premium Black,"18"" Aero Wheels",3678,"Santa Barbara, CA",CLEAN
5YJ3E1EB4JF084356,53200,Model 3,2018,Long Range AWD Performance,Pearl White Multi-Coat,Premium Black,"20"" Fragile Wheels",14051,"Reno, NV",CLEAN
5YJ3E1EC4LF647269,54200,Model 3,2020,Long Range AWD Performance,Deep Blue Metallic,Premium Black,"19"" Sport Wheels",10192,"Maplewood, MN",CLEAN
5YJ3E1EC1LF602578,54300,Model 3,2020,Long Range AWD Performance,Pearl White Multi-Coat,Premium Black,"18"" Aero Wheels",13925,"Littleton, CO",CLEAN
5YJ3E1EB3LF744213,54800,Model 3,2020,Long Range AWD,Solid Black,Premium Black,"18"" Aero Wheels",5555,"Miami, FL",CLEAN
5YJ3E1EB4KF418404,54800,Model 3,2019,Long Range AWD Performance,Pearl White Multi-Coat,Premium Black,"18"" Aero Wheels",5693,"Dedham, MA",CLEAN
5YJ3E1EB0KF422076,55600,Model 3,2019,Long Range AWD Performance,Solid Black,Premium Black and White,"20"" Fragile Wheels",16553,"Hawthorne, CA",CLEAN
5YJ3E1EC7LF586726,56700,Model 3,2020,Long Range AWD Performance,Midnight Silver Metallic,Premium Black,"19"" Sport Wheels",15552,"Matthews, NC",CLEAN
5YJ3E1EB3KF487309,58300,Model 3,2019,Long Range AWD Performance,Pearl White Multi-Coat,Premium Black and White,"20"" Fragile Wheels",8115,"Miami, FL",CLEAN
5YJ3E1EC8LF736293,61900,Model 3,2020,Long Range AWD Performance,Solid Black,Premium Black and White,"20"" Fragile Wheels",4795,"Matthews, NC",CLEAN
5YJ3E1EC1LF791636,63700,Model 3,2020,Long Range AWD Performance,Solid Black,Premium Black,"20"" Fragile Wheels",214,"Hawthorne, CA",CLEAN
5YJXCDE22GF028918,48000,Model X,2016,Dual Motor 75Kwh,Silver Metallic,Black,"20"" Fragile Wheels",56150,"Elk Grove Village, IL",PREVIOUS ACCIDENT(S)
5YJXCDE27GF027621,48500,Model X,2016,Dual Motor 75Kwh,Model X Grey,Tan,"20"" Fragile Wheels",61139,"Elk Grove Village, IL",CLEAN
5YJXCDE27HF048096,49000,Model X,2017,Dual Motor 75Kwh,Silver Metallic,Black,"20"" Fragile Wheels",44361,"South Salt Lake City, UT",PREVIOUS ACCIDENT(S)
5YJXCAE25GF005194,49500,Model X,2016,Dual Motor 90Kwh,Model X Grey,Black,"20"" Fragile Wheels",60198,"Nashville, TN",CLEAN
5YJXCDE24GF030895,51700,Model X,2016,Dual Motor 75Kwh,Deep Blue Metallic,Black,"20"" Fragile Wheels",30616,"Renton, WA",CLEAN
5YJXCAE24GF008541,51700,Model X,2016,Dual Motor 75Kwh,Red Multi-Coat,Tan,"20"" Fragile Wheels",37893,"Eatonville, FL",CLEAN
5YJXCAE26GF005284,51900,Model X,2016,Dual Motor 90Kwh,Deep Blue Metallic,Black,"20"" Fragile Wheels",54349,"Lisle, IL",CLEAN
5YJXCAE29GF004081,52000,Model X,2016,Dual Motor 90Kwh,Brown Metallic,Black,"22"" Wheels",35983,"Jacksonville, FL",PREVIOUS ACCIDENT(S)
5YJXCBE22GF016367,52000,Model X,2016,Dual Motor 75Kwh,Solid Black,Tan,"20"" Fragile Wheels",33054,"Denver, CO",CLEAN
5YJXCBE25GF004147,52100,Model X,2016,Dual Motor 90Kwh,Pearl White Multi-Coat,Tan,"20"" Fragile Wheels",47819,"West Palm Beach, FL",CLEAN
5YJXCDE26HF050552,52400,Model X,2017,Dual Motor 75Kwh,Solid Black,Tan,"20"" Fragile Wheels",36559,"Colorado Springs, CO",PREVIOUS ACCIDENT(S)
5YJXCDE2XHF060226,52400,Model X,2017,Dual Motor 75Kwh,Pearl White Multi-Coat,Black Cloth,"20"" Fragile Wheels",35799,"Littleton, CO",PREVIOUS ACCIDENT(S)
5YJXCAE27HF078293,53600,Model X,2017,Dual Motor 75Kwh,Deep Blue Metallic,White,"20"" Fragile Wheels",41320,"Lathrop, CA",CLEAN
5YJXCBE25GF015634,53700,Model X,2016,Dual Motor 90Kwh,Pearl White Multi-Coat,Tan,"20"" Fragile Wheels",47958,"Paramus, NJ",CLEAN
5YJXCBE29HF053966,53800,Model X,2017,Dual Motor 75Kwh,Solid Black,Tan,"20"" Fragile Wheels",33130,,CLEAN
5YJXCDE28HF026012,54000,Model X,2017,Dual Motor 90Kwh,Silver Metallic,White,"22"" Wheels",52260,"Littleton, CO",PREVIOUS ACCIDENT(S)
5YJXCBE22GF005451,54200,Model X,2016,Dual Motor 90Kwh,Model X Grey,White,"20"" Fragile Wheels",32714,"Devon, PA",CLEAN
5YJXCBE24GF023658,54600,Model X,2016,Dual Motor 75Kwh,Model X Grey,Black,"20"" Fragile Wheels",30344,"Glen Allen, VA",CLEAN
5YJXCBE22HF066199,54600,Model X,2017,Dual Motor 75Kwh,Deep Blue Metallic,Black Cloth,"20"" Fragile Wheels",59748,"Toledo, OH",CLEAN
5YJXCBE24HF049601,54700,Model X,2017,Dual Motor 75Kwh,Pearl White Multi-Coat,Tan,"20"" Fragile Wheels",47149,,PREVIOUS ACCIDENT(S)
5YJXCBE22GF004879,54900,Model X,2016,Dual Motor 90Kwh,Pearl White Multi-Coat,Black,"20"" Fragile Wheels",35637,"Portland, OR",CLEAN
5YJXCBE28HF049438,55000,Model X,2017,Dual Motor 75Kwh,Solid Black,Black,"20"" Fragile Wheels",38843,"Scottsdale, AZ",PREVIOUS ACCIDENT(S)
5YJXCBE23GF004552,55000,Model X,2016,Dual Motor 90Kwh,Deep Blue Metallic,Black,"20"" Fragile Wheels",22484,"Fort Myers, FL",CLEAN
5YJXCDE23GF026577,55100,Model X,2016,Dual Motor 75Kwh,Brown Metallic,Tan,"20"" Fragile Wheels",33491,"Bellevue, WA",CLEAN
5YJXCDE21GF030028,55100,Model X,2016,Dual Motor 90Kwh,Silver Metallic,Black,"20"" Fragile Wheels",61966,"Eatonville, FL",PREVIOUS ACCIDENT(S)
5YJXCDE22HF049690,55500,Model X,2017,Dual Motor 75Kwh,Deep Blue Metallic,Black,"20"" Fragile Wheels",43533,"Lathrop, CA",PREVIOUS ACCIDENT(S)
5YJXCDE2XHF041739,55800,Model X,2017,Dual Motor 75Kwh,Solid Black,Black,"20"" Fragile Wheels",51128,"Lathrop, CA",CLEAN
5YJXCBE25GF004732,55800,Model X,2016,Dual Motor 90Kwh,Deep Blue Metallic,Black,"20"" Fragile Wheels",35142,,CLEAN
5YJXCAE24HF066764,55900,Model X,2017,Dual Motor 75Kwh,Pearl White Multi-Coat,Black Cloth,"20"" Fragile Wheels",44788,"Littleton, CO",CLEAN
5YJXCDE29HF072545,56000,Model X,2017,Dual Motor 75Kwh,Solid Black,White,"20"" Fragile Wheels",44821,"Rocklin, CA",CLEAN
5YJXCBE24GF027841,56100,Model X,2016,Dual Motor 75Kwh,Model X Grey,Tan,"20"" Fragile Wheels",34405,"Dania Beach, FL",CLEAN
5YJXCBE22GF012853,56100,Model X,2016,Dual Motor 90Kwh,Model X Grey,Black,"20"" Fragile Wheels",28484,"Dania Beach, FL",CLEAN
5YJXCDE29HF051288,56200,Model X,2017,Dual Motor 75Kwh,Deep Blue Metallic,Tan,"20"" Fragile Wheels",31723,"Lathrop, CA",CLEAN
5YJXCAE2XGF005529,56400,Model X,2016,Dual Motor 90Kwh,Pearl White Multi-Coat,Tan,"20"" Fragile Wheels",35116,"Eatonville, FL",CLEAN
5YJXCAE45GF006993,56700,Model X,2016,Dual Motor 90Kwh Performance,Model X Grey,Tan,"22"" Wheels",41681,"Owings Mills, MD",PREVIOUS ACCIDENT(S)
5YJXCBE20HF047697,56800,Model X,2017,Dual Motor 90Kwh,Solid Black,Tan,"20"" Fragile Wheels",51541,"Rocklin, CA",CLEAN
5YJXCDE28GF025845,57000,Model X,2016,Dual Motor 90Kwh,Solid Black,Tan,"20"" Fragile Wheels",35806,"Lathrop, CA",CLEAN
5YJXCDE25HF052843,57100,Model X,2017,Dual Motor 75Kwh,Deep Blue Metallic,Black,"20"" Fragile Wheels",41934,"Dania Beach, FL",CLEAN
5YJXCBE23GF027846,57100,Model X,2016,Dual Motor 75Kwh,Solid Black,Tan,"20"" Fragile Wheels",32345,"Lathrop, CA",CLEAN
5YJXCBE20HF052172,57800,Model X,2017,Dual Motor 75Kwh,Solid Black,Black,"20"" Fragile Wheels",16360,"Littleton, CO",CLEAN
5YJXCDE27HF063374,57400,Model X,2017,Dual Motor 75Kwh,Pearl White Multi-Coat,Black,"20"" Fragile Wheels",25872,"Hawthorne, CA",CLEAN
5YJXCBE28HF050279,57800,Model X,2017,Dual Motor 75Kwh,Solid Black,Tan,"20"" Fragile Wheels",44100,"Burbank, CA",CLEAN
5YJXCDE27HF051497,58000,Model X,2017,Dual Motor 75Kwh,Solid Black,Black Cloth,"20"" Fragile Wheels",27506,"Littleton, CO",PREVIOUS ACCIDENT(S)
5YJXCDE21HF044738,58000,Model X,2017,Dual Motor 75Kwh,Pearl White Multi-Coat,Black,"20"" Fragile Wheels",24867,"Lathrop, CA",CLEAN
5YJXCDE28HF043022,58100,Model X,2017,Dual Motor 75Kwh,Model X Grey,Black,"20"" Fragile Wheels",25777,"Scottsdale, AZ",CLEAN
5YJXCDE2XGF025961,58600,Model X,2016,Dual Motor 90Kwh,Solid Black,Black,"20"" Fragile Wheels",46750,"Peabody, MA",CLEAN
5YJXCDE27HF072544,59000,Model X,2017,Dual Motor 75Kwh,Deep Blue Metallic,Cream Premium,"20"" Fragile Wheels",22799,"Carlsbad, CA",CLEAN
5YJXCBE49GF000345,59300,Model X,2016,Dual Motor 90Kwh Performance,Pearl White Multi-Coat,Black,"20"" Fragile Wheels",33172,"Santa Barbara, CA",PREVIOUS ACCIDENT(S)
5YJXCBE26HF046716,59300,Model X,2017,Dual Motor 75Kwh,Red Multi-Coat,Black,"20"" Fragile Wheels",40243,"Lathrop, CA",CLEAN
5YJXCDE28HF068955,59700,Model X,2017,Dual Motor 75Kwh,Silver Metallic,Black Cloth,"20"" Fragile Wheels",42439,"Portland, OR",CLEAN
5YJXCBE21HF053556,59700,Model X,2017,Dual Motor 75Kwh,Silver Metallic,Black,"20"" Fragile Wheels",29576,"Hawthorne, CA",CLEAN
5YJXCBE28HF059158,59800,Model X,2017,Dual Motor 75Kwh,Solid Black,Black Cloth,"20"" Fragile Wheels",19982,"Colorado Springs, CO",CLEAN
5YJXCDE28HF066235,60000,Model X,2017,Dual Motor 75Kwh,Solid Black,Black,"20"" Fragile Wheels",45021,"Pomona, CA",CLEAN
5YJXCAE23HF065508,60100,Model X,2017,Dual Motor 75Kwh,Pearl White Multi-Coat,Black,"20"" Fragile Wheels",41277,"Littleton, CO",CLEAN
5YJXCBE23HF076725,60200,Model X,2017,Dual Motor 75Kwh,Model X Grey,Black,"20"" Fragile Wheels",34330,"Lathrop, CA",PREVIOUS ACCIDENT(S)
5YJXCAE26HF070346,60300,Model X,2017,Dual Motor 75Kwh,Pearl White Multi-Coat,Black Cloth,"20"" Fragile Wheels",23643,"Hawthorne, CA",PREVIOUS ACCIDENT(S)
5YJXCBE23HF064820,60600,Model X,2017,Dual Motor 75Kwh,Solid Black,Cream Premium,"20"" Fragile Wheels",30593,"Lathrop, CA",CLEAN
5YJXCBE24HF043653,60700,Model X,2017,Dual Motor 75Kwh,Solid Black,Black,"20"" Fragile Wheels",33365,"Lathrop, CA",CLEAN
5YJXCBE27HF056705,61100,Model X,2017,Dual Motor 75Kwh,Deep Blue Metallic,White,"20"" Fragile Wheels",31455,"Paramus, NJ",CLEAN
5YJXCAE25HF038326,61100,Model X,2017,Dual Motor 75Kwh,Pearl White Multi-Coat,Black,"20"" Fragile Wheels",25373,"Lathrop, CA",CLEAN
5YJXCDE23HF068927,61100,Model X,2017,Dual Motor 75Kwh,Solid Black,Black,"20"" Fragile Wheels",15427,"Lathrop, CA",CLEAN
5YJXCAE25HF060472,61200,Model X,2017,Dual Motor 100Kwh,Model X Grey,Black,"20"" Fragile Wheels",38816,"Carlsbad, CA",PREVIOUS ACCIDENT(S)
5YJXCAE21HF058184,61200,Model X,2017,Dual Motor 100Kwh,Solid Black,White,"20"" Fragile Wheels",47270,"Lathrop, CA",CLEAN
5YJXCDE23HF049648,61200,Model X,2017,Dual Motor 75Kwh,Solid Black,Black,"20"" Fragile Wheels",21877,"Pomona, CA",CLEAN
5YJXCDE22HF075075,61200,Model X,2017,Dual Motor 75Kwh,Pearl White Multi-Coat,Cream Premium,"20"" Fragile Wheels",39513,"Pomona, CA",CLEAN
5YJXCDE26HF050230,61300,Model X,2017,Dual Motor 75Kwh,Deep Blue Metallic,White,"20"" Fragile Wheels",20264,"Scottsdale, AZ",CLEAN
5YJXCDE23HF077448,61700,Model X,2017,Dual Motor 75Kwh,Pearl White Multi-Coat,White,"20"" Fragile Wheels",37075,"Santa Ana, CA",CLEAN
5YJXCAE24GF030944,61800,Model X,2016,Dual Motor 90Kwh,Model X Grey,Black,"20"" Fragile Wheels",34226,"Lathrop, CA",CLEAN
5YJXCBE25GF027928,62000,Model X,2016,Dual Motor 75Kwh,Pearl White Multi-Coat,Tan,"20"" Fragile Wheels",22482,"South Salt Lake City, UT",CLEAN
5YJXCBE23HF070228,62000,Model X,2017,Dual Motor 75Kwh,Silver Metallic,Black Cloth,"20"" Fragile Wheels",24706,"Paramus, NJ",CLEAN
5YJXCBE29HF077698,62100,Model X,2017,Dual Motor 100Kwh,Model X Grey,Black Cloth,"20"" Fragile Wheels",49416,"Littleton, CO",CLEAN
5YJXCBE20HF059641,62200,Model X,2017,Dual Motor 75Kwh,Pearl White Multi-Coat,Black Cloth,"20"" Fragile Wheels",23389,"Buena Park, CA",CLEAN
5YJXCDE26HF078271,62700,Model X,2017,Dual Motor 75Kwh,Model X Grey,White,"20"" Fragile Wheels",25065,"South Salt Lake City, UT",CLEAN
5YJXCBE4XGFS00294,62700,Model X,2016,Dual Motor 90Kwh Performance,Brown Metallic,Black,"22"" Wheels",34279,"Lathrop, CA",CLEAN
5YJXCDE20HF076077,62700,Model X,2017,Dual Motor 75Kwh,Deep Blue Metallic,Cream Premium,"20"" Fragile Wheels",36120,"Lathrop, CA",CLEAN
5YJXCDE27HF051371,62900,Model X,2017,Dual Motor 90Kwh,Model X Grey,White,"20"" Fragile Wheels",37108,"Lynnwood, WA",CLEAN
5YJXCDE24HF078317,63000,Model X,2017,Dual Motor 75Kwh,Model X Grey,Black,"20"" Fragile Wheels",26010,"Lathrop, CA",CLEAN
5YJXCBE27HF067784,63000,Model X,2017,Dual Motor 75Kwh,Solid Black,Cream Premium,"20"" Fragile Wheels",19958,"Peabody, MA",CLEAN
5YJXCDE26HF050129,63000,Model X,2017,Dual Motor 75Kwh,Solid Black,Tan,"20"" Fragile Wheels",24720,,CLEAN
5YJXCBE4XGFS00330,63100,Model X,2016,Dual Motor 90Kwh Ludicrous,Solid Black,Black,"22"" Wheels",27109,"Pomona, CA",CLEAN
5YJXCBE43GF001913,63300,Model X,2016,Dual Motor 90Kwh Performance,Solid Black,Tan,"22"" Wheels",35637,"Burbank, CA",CLEAN
5YJXCBE25HF035724,63300,Model X,2017,Dual Motor 90Kwh,Model X Grey,White,"22"" Wheels",39290,"Matthews, NC",CLEAN
5YJXCDE27HF056702,63500,Model X,2017,Dual Motor 90Kwh,Pearl White Multi-Coat,Black,"20"" Fragile Wheels",24970,,CLEAN
5YJXCDE21HF079117,63600,Model X,2017,Dual Motor 100Kwh,Silver Metallic,Cream Premium,"20"" Fragile Wheels",15702,"Lathrop, CA",PREVIOUS ACCIDENT(S)
5YJXCAE46GF006856,63600,Model X,2016,Dual Motor 90Kwh Performance,Pearl White Multi-Coat,Black,"22"" Wheels",35398,"Buena Park, CA",CLEAN
5YJXCBE20HF077007,63700,Model X,2017,Dual Motor 75Kwh,Pearl White Multi-Coat,Cream Premium,"20"" Fragile Wheels",26767,"Lathrop, CA",CLEAN
5YJXCDE26HF069523,63900,Model X,2017,Dual Motor 75Kwh,Solid Black,Black Cloth,"20"" Fragile Wheels",17440,"Rockville, MD",CLEAN
5YJXCBE40GFS00045,64000,Model X,2016,Dual Motor 90Kwh Ludicrous,Red Multi-Coat,Tan,"22"" Wheels",21744,"Denver, CO",CLEAN
5YJXCDE27HF052245,64700,Model X,2017,Dual Motor 100Kwh,Solid Black,White,"20"" Fragile Wheels",36803,"Decatur, GA",PREVIOUS ACCIDENT(S)
5YJXCDE28HF074562,64800,Model X,2017,Dual Motor 100Kwh,Pearl White Multi-Coat,Black Cloth,"20"" Fragile Wheels",35941,"Owings Mills, MD",CLEAN
5YJXCAE46GF003097,65000,Model X,2016,Dual Motor 90Kwh Ludicrous,Solid Black,Tan,"22"" Wheels",16806,"Glen Allen, VA",CLEAN
5YJXCBE24HF077737,65100,Model X,2017,Dual Motor 75Kwh,Model X Grey,Cream Premium,"20"" Fragile Wheels",13643,"Las Vegas, NV",PREVIOUS ACCIDENT(S)
5YJXCDE23HF056793,65300,Model X,2017,Dual Motor 100Kwh,Silver Metallic,White,"20"" Fragile Wheels",40709,"Costa Mesa, CA",CLEAN
5YJXCAE21HF076393,65300,Model X,2017,Dual Motor 100Kwh,Red Multi-Coat,White,"22"" Wheels",40945,"Pomona, CA",CLEAN
5YJXCAE2XHF060953,65400,Model X,2017,Dual Motor 100Kwh,Pearl White Multi-Coat,Black,"20"" Fragile Wheels",45189,"Pomona, CA",CLEAN
5YJXCDE29HF053848,65400,Model X,2017,Dual Motor 100Kwh,Model X Grey,White,"20"" Fragile Wheels",43573,"Lathrop, CA",CLEAN
5YJXCBE22HF053663,65600,Model X,2017,Dual Motor 100Kwh,Model X Grey,Black,"20"" Fragile Wheels",55632,"Eatonville, FL",CLEAN
5YJXCDE27HF067375,66000,Model X,2017,Dual Motor 100Kwh,Red Multi-Coat,Cream Premium,"20"" Fragile Wheels",22361,"Littleton, CO",PREVIOUS ACCIDENT(S)
5YJXCBE2XHF051319,66100,Model X,2017,Dual Motor 90Kwh,Model X Grey,Black,"20"" Fragile Wheels",35362,"Lisle, IL",CLEAN
5YJXCAE27HF078486,66200,Model X,2017,Dual Motor 100Kwh,Deep Blue Metallic,Cream Premium,"20"" Fragile Wheels",59181,"Glen Allen, VA",CLEAN
5YJXCDE28HF056787,66300,Model X,2017,Dual Motor 100Kwh,Solid Black,White,"20"" Fragile Wheels",54256,"Lathrop, CA",CLEAN
5YJXCDE25JF104249,66400,Model X,2018,Dual Motor 75Kwh,Solid Black,Black Cloth,"20"" Fragile Wheels",9920,"Decatur, GA",CLEAN
5YJXCBE20HF044623,66500,Model X,2017,Dual Motor 90Kwh,Model X Grey,Tan,"20"" Fragile Wheels",36029,"Decatur, GA",CLEAN
5YJXCBE29HF041347,66500,Model X,2017,Dual Motor 100Kwh,Deep Blue Metallic,White,"20"" Fragile Wheels",47709,"Hawthorne, CA",CLEAN
5YJXCBE24HF043989,66600,Model X,2017,Dual Motor 100Kwh,Deep Blue Metallic,White,"20"" Fragile Wheels",35553,"Scottsdale, AZ",CLEAN
5YJXCBE28JF088083,66800,Model X,2018,Dual Motor 75Kwh,Deep Blue Metallic,Cream Premium,"20"" Fragile Wheels",14020,"Syosset, NY",PREVIOUS ACCIDENT(S)
5YJXCBE29HF076499,66800,Model X,2017,Dual Motor 100Kwh,Deep Blue Metallic,Cream Premium,"20"" Fragile Wheels",45773,"Lathrop, CA",CLEAN
5YJXCDE21HF079067,67000,Model X,2017,Dual Motor 100Kwh,Pearl White Multi-Coat,White,"22"" Wheels",36792,"Lathrop, CA",CLEAN
5YJXCDE24HF049304,67100,Model X,2017,Dual Motor 90Kwh,Model X Grey,Black,"20"" Fragile Wheels",23795,"Miami, FL",CLEAN
5YJXCDE28HF044056,67400,Model X,2017,Dual Motor 100Kwh,Pearl White Multi-Coat,Tan,"20"" Fragile Wheels",32978,"Dania Beach, FL",CLEAN
5YJXCAE2XHF075761,67600,Model X,2017,Dual Motor 100Kwh,Deep Blue Metallic,Cream Premium,"20"" Fragile Wheels",36493,"Tampa, FL",PREVIOUS ACCIDENT(S)
5YJXCDE23HF068216,67700,Model X,2017,Dual Motor 100Kwh,Pearl White Multi-Coat,White,"22"" Wheels",30484,"Rocklin, CA",CLEAN
5YJXCBE23HF076272,67700,Model X,2017,Dual Motor 100Kwh,Solid Black,Black,"20"" Fragile Wheels",43745,"Burbank, CA",CLEAN
5YJXCDE28HF059236,67900,Model X,2017,Dual Motor 100Kwh,Red Multi-Coat,White,"20"" Fragile Wheels",29321,"Las Vegas, NV",PREVIOUS ACCIDENT(S)
5YJXCBE27HF060642,68000,Model X,2017,Dual Motor 100Kwh,Model X Grey,White,"20"" Fragile Wheels",23673,"Miami, FL",CLEAN
5YJXCBE25HF065032,73000,Model X,2017,Dual Motor 100Kwh,Model X Grey,Black,"20"" Fragile Wheels",33347,,CLEAN
5YJXCBE25HF072871,73100,Model X,2017,Dual Motor 100Kwh,Pearl White Multi-Coat,Cream Premium,"20"" Fragile Wheels",24830,"Lathrop, CA",CLEAN
5YJXCBE40HF051878,73200,Model X,2017,Dual Motor 100Kwh Performance,Silver Metallic,White,"20"" Fragile Wheels",57327,"Matthews, NC",CLEAN
5YJXCDE47HF051680,73400,Model X,2017,Dual Motor 100Kwh Performance,Model X Grey,Black,"22"" Wheels",45984,"Lathrop, CA",CLEAN
5YJXCDE2XHF078533,73600,Model X,2017,Dual Motor 100Kwh,Pearl White Multi-Coat,Cream Premium,"20"" Fragile Wheels",16679,"Mt. Kisco, NY",CLEAN
5YJXCBE20HF072826,73600,Model X,2017,Dual Motor 100Kwh,Pearl White Multi-Coat,Black,"22"" Wheels",31047,"Fremont, CA",CLEAN
5YJXCBE25HF075415,73900,Model X,2017,Dual Motor 100Kwh,Red Multi-Coat,White,"22"" Wheels",26962,"Tampa, FL",CLEAN
5YJXCDE43HF052860,74300,Model X,2017,Dual Motor 100Kwh Performance,Deep Blue Metallic,White,"22"" Wheels",44300,"Lathrop, CA",PREVIOUS ACCIDENT(S)
5YJXCDE28HF078465,74500,Model X,2017,Dual Motor 100Kwh,Pearl White Multi-Coat,Cream Premium,"20"" Fragile Wheels",34031,"Salt Lake City, UT",CLEAN
5YJXCAE25JF136892,74700,Model X,2018,Dual Motor 75Kwh,Model X Grey,Cream Premium,"20"" Fragile Wheels",9436,"Minneapolis, MN",CLEAN
5YJXCDE27HF074889,74800,Model X,2017,Dual Motor 100Kwh,Solid Black,Black,"20"" Fragile Wheels",34025,"Denver, CO",CLEAN
5YJXCDE20JF100237,74900,Model X,2018,Dual Motor 100Kwh,Model X Grey,Black Cloth,"20"" Fragile Wheels",19390,"Matthews, NC",CLEAN
5YJXCBE46HF052288,74900,Model X,2017,Dual Motor 100Kwh Performance,Deep Blue Metallic,Black,"22"" Wheels",47500,"Atlanta, GA",CLEAN
5YJXCDE2XHF065538,75000,Model X,2017,Dual Motor 100Kwh,Model X Grey,Black,"20"" Fragile Wheels",24063,"Tempe, AZ",CLEAN
5YJXCDE42HF052882,75100,Model X,2017,Dual Motor 100Kwh Performance,Model X Grey,White,"22"" Wheels",41688,"Santa Barbara, CA",CLEAN
5YJXCDE28HF059575,75300,Model X,2017,Dual Motor 100Kwh,Silver Metallic,White,"20"" Fragile Wheels",19016,"Lathrop, CA",CLEAN
5YJXCDE29HF066213,75600,Model X,2017,Dual Motor 100Kwh,Solid Black,White,"22"" Wheels",14572,"Miami, FL",CLEAN
5YJXCBE24HF070450,75800,Model X,2017,Dual Motor 100Kwh,Pearl White Multi-Coat,Cream Premium,"20"" Fragile Wheels",7904,"Springfield, NJ",CLEAN
5YJXCDE27JF130075,76000,Model X,2018,Dual Motor 75Kwh,Model X Grey,Cream Premium,"20"" Fragile Wheels",21286,"Fremont, CA",CLEAN
5YJXCBE41HF050397,76500,Model X,2017,Dual Motor 100Kwh Performance,Pearl White Multi-Coat,Black,"20"" Fragile Wheels",46175,"Lathrop, CA",CLEAN
5YJXCBE2XHF042720,70200,Model X,2017,Dual Motor 100Kwh,Deep Blue Metallic,Tan,"20"" Fragile Wheels",20804,"Lisle, IL",CLEAN
5YJXCDE2XHF050571,70200,Model X,2017,Dual Motor 100Kwh,Silver Metallic,Tan,"20"" Fragile Wheels",32119,"South Salt Lake City, UT",CLEAN
5YJXCDE29HF050318,70300,Model X,2017,Dual Motor 100Kwh,Solid Black,White,"20"" Fragile Wheels",17531,"Eatonville, FL",CLEAN
5YJXCBE21HF065108,70300,Model X,2017,Dual Motor 100Kwh,Pearl White Multi-Coat,White,"20"" Fragile Wheels",37710,"Carlsbad, CA",CLEAN
5YJXCDE2XHF079522,70800,Model X,2017,Dual Motor 100Kwh,Silver Metallic,Black,"20"" Fragile Wheels",15648,"Carlsbad, CA",CLEAN
5YJXCBE29HF064613,71200,Model X,2017,Dual Motor 100Kwh,Model X Grey,Cream Premium,"22"" Wheels",34666,"Miami, FL",CLEAN
5YJXCBE27HF061001,71200,Model X,2017,Dual Motor 100Kwh,Red Multi-Coat,Black,"20"" Fragile Wheels",30293,"Scottsdale, AZ",CLEAN
5YJXCAE25HF071097,71200,Model X,2017,Dual Motor 100Kwh,Model X Grey,Black,"20"" Fragile Wheels",40166,"Denver, CO",CLEAN
5YJXCDE20HF066701,71400,Model X,2017,Dual Motor 100Kwh,Pearl White Multi-Coat,Cream Premium,"20"" Fragile Wheels",15629,"Mt. Kisco, NY",CLEAN
5YJXCDE29HF057897,71600,Model X,2017,Dual Motor 100Kwh,Solid Black,Black,"20"" Fragile Wheels",28309,"Rockville, MD",CLEAN
5YJXCBE27HF048071,71700,Model X,2017,Dual Motor 100Kwh,Solid Black,Black,"20"" Fragile Wheels",18647,"Lathrop, CA",CLEAN
5YJXCAE28HF060238,71800,Model X,2017,Dual Motor 100Kwh,Solid Black,Black,"20"" Fragile Wheels",17013,"Carlsbad, CA",CLEAN
5YJXCDE25HF077550,72200,Model X,2017,Dual Motor 100Kwh,Pearl White Multi-Coat,Black Cloth,"20"" Fragile Wheels",21342,"Eatonville, FL",PREVIOUS ACCIDENT(S)
5YJXCBE25HF068528,72300,Model X,2017,Dual Motor 100Kwh,Solid Black,Cream Premium,"20"" Fragile Wheels",27880,"Lathrop, CA",CLEAN
5YJXCBE24HF068472,72500,Model X,2017,Dual Motor 100Kwh,Model X Grey,Black,"20"" Fragile Wheels",30584,"Lathrop, CA",CLEAN
5YJXCAE27HF074888,72800,Model X,2017,Dual Motor 100Kwh,Model X Grey,Cream Premium,"20"" Fragile Wheels",25493,"Dedham, MA",PREVIOUS ACCIDENT(S)
5YJXCBE27HF069552,72900,Model X,2017,Dual Motor 100Kwh,Red Multi-Coat,Cream Premium,"20"" Fragile Wheels",24542,"Lathrop, CA",PREVIOUS ACCIDENT(S)
5YJXCBE22JF141599,73000,Model X,2018,Dual Motor 75Kwh,Solid Black,Black,"22"" Wheels",18666,"Van Nuys, CA",CLEAN
5YJXCDE22HF053464,74900,Model X,2017,Dual Motor 100Kwh,Pearl White Multi-Coat,Black,"20"" Fragile Wheels",20208,"Van Nuys, CA",CLEAN
5YJXCBE22HF065098,75100,Model X,2017,Dual Motor 100Kwh,Pearl White Multi-Coat,White,"20"" Fragile Wheels",23952,"Van Nuys, CA",CLEAN
5YJXCDE27HF068431,75300,Model X,2017,Dual Motor 100Kwh,Pearl White Multi-Coat,Cream Premium,"20"" Fragile Wheels",23867,"Hawthorne, CA",CLEAN
5YJXCBE22HF065070,76600,Model X,2017,Dual Motor 100Kwh,Pearl White Multi-Coat,Black,"20"" Fragile Wheels",20214,"Rockville, MD",CLEAN
5YJXCDE27LF285034,77700,Model X,2020,Long Range Plus AWD,Pearl White Multi-Coat,Black,"20"" Fragile Wheels",4245,"Hawthorne, CA",CLEAN
5YJXCBE40HF052867,77800,Model X,2017,Dual Motor 100Kwh Performance,Pearl White Multi-Coat,Black,"22"" Wheels",29011,"Lathrop, CA",PREVIOUS ACCIDENT(S)
5YJXCBE46HF053568,78300,Model X,2017,Dual Motor 100Kwh Performance,Model X Grey,Black,"22"" Wheels",40801,"Lyndhurst, OH",CLEAN
5YJXCDE25LF298140,90600,Model X,2020,Long Range Plus AWD,Deep Blue Metallic,White,"20"" Fragile Wheels",8486,"Chesterfield, MO",CLEAN
5YJXCDE29LF296133,91700,Model X,2020,Long Range Plus AWD,Pearl White Multi-Coat,Cream Premium,"22"" Wheels",4026,"Pomona, CA",CLEAN
5YJXCBE48LF228802,91900,Model X,2020,Dual Motor 100Kwh Performance,Deep Blue Metallic,Cream Premium,"20"" Fragile Wheels",16071,"Santa Barbara, CA",PREVIOUS ACCIDENT(S)
5YJXCBE41KF183068,95800,Model X,2019,Dual Motor 100Kwh Performance,Model X Grey,Black,"20"" Fragile Wheels",5986,"Van Nuys, CA",CLEAN
5YJXCDE41LF273446,95800,Model X,2020,Dual Motor 100Kwh Performance,Pearl White Multi-Coat,White,"20"" Fragile Wheels",1908,"Burlingame, CA",CLEAN
5YJXCBE4XKF190827,98500,Model X,2019,Dual Motor 100Kwh Performance,Deep Blue Metallic,Black,"20"" Fragile Wheels",7935,"Nashville, TN",CLEAN
5YJXCDE49LF284713,98800,Model X,2020,Dual Motor 100Kwh Performance,Pearl White Multi-Coat,Black,"20"" Fragile Wheels",2609,"Lathrop, CA",CLEAN
5YJXCBE46LF246361,100700,Model X,2020,Dual Motor 100Kwh Performance,Pearl White Multi-Coat,Black,"20"" Fragile Wheels",9505,"Pomona, CA",CLEAN
5YJXCDE43LF284691,107000,Model X,2020,Dual Motor 100Kwh Performance,Red Multi-Coat,Cream Premium,"22"" Wheels",1739,"Lathrop, CA",CLEAN
5YJXCBE44LF305312,111000,Model X,2020,Dual Motor 100Kwh Performance,Solid Black,Black,"22"" Wheels",1188,"Costa Mesa, CA",CLEAN
5YJXCBE4XLF304116,111500,Model X,2020,Dual Motor 100Kwh Performance,Deep Blue Metallic,White,"22"" Wheels",3810,"Palo Alto, CA",CLEAN
5YJXCBE4XLF286121,112300,Model X,2020,Dual Motor 100Kwh Performance,Solid Black,White,"20"" Fragile Wheels",625,"Lisle, IL",CLEAN
5YJXCBE43LF305110,112800,Model X,2020,Dual Motor 100Kwh Performance,Solid Black,White,"22"" Wheels",3332,"Palo Alto, CA",CLEAN
5YJYGDEE7LF041953,49500,Model Y,2020,Long Range AWD,Silver Metallic,Premium Black,"20"" Fragile Wheels",10311,"Peabody, MA",CLEAN
5YJYGDEE4LF032370,51600,Model Y,2020,Long Range AWD,Silver Metallic,Premium Black and White,"19"" Sport Wheels",2377,"Dedham, MA",CLEAN
5YJYGDEE1LF018605,55900,Model Y,2020,Long Range AWD,Pearl White Multi-Coat,Premium Black,"19"" Sport Wheels",3248,"Burbank, CA",PREVIOUS ACCIDENT(S)
5YJYGDEE8LF032159,56700,Model Y,2020,Long Range AWD,Pearl White Multi-Coat,Premium Black,"19"" Sport Wheels",600,"Rockville, MD",CLEAN
5YJYGDEE5LF009406,57000,Model Y,2020,Long Range AWD,Pearl White Multi-Coat,Premium Black,"19"" Sport Wheels",3919,"Carlsbad, CA",CLEAN
5YJYGDEE1LF009080,57100,Model Y,2020,Long Range AWD,Deep Blue Metallic,Premium Black,"19"" Sport Wheels",2149,"Hawthorne, CA",CLEAN
5YJYGDEE0LF006414,57100,Model Y,2020,Long Range AWD,Deep Blue Metallic,Premium Black,"19"" Sport Wheels",3720,"Hawthorne, CA",CLEAN
5YJYGDEFXLF000502,57200,Model Y,2020,Long Range AWD,Deep Blue Metallic,Premium Black,"20"" Fragile Wheels",7409,"Lathrop, CA",CLEAN
5YJYGDEE4LF009199,57300,Model Y,2020,Long Range AWD,Silver Metallic,Premium Black,"19"" Sport Wheels",3289,"Burbank, CA",CLEAN
5YJYGDEE0LF051188,57400,Model Y,2020,Long Range AWD,Pearl White Multi-Coat,Premium Black,"19"" Sport Wheels",189,"Costa Mesa, CA",CLEAN
5YJYGDEE9LF014723,57500,Model Y,2020,Long Range AWD,Silver Metallic,Premium Black and White,"19"" Sport Wheels",291,"Lathrop, CA",CLEAN
5YJYGDEE5LF027579,57600,Model Y,2020,Long Range AWD,Pearl White Multi-Coat,Premium Black and White,"19"" Sport Wheels",2367,"Cincinnati, OH",CLEAN
5YJYGDEF4LF003847,57600,Model Y,2020,Long Range AWD,Deep Blue Metallic,Premium Black,"20"" Fragile Wheels",5031,"Lathrop, CA",CLEAN
5YJYGDEE9LF018240,57600,Model Y,2020,Long Range AWD,Pearl White Multi-Coat,Premium Black and White,"19"" Sport Wheels",3422,"Carlsbad, CA",CLEAN
5YJYGDEEXMF069571,57600,Model Y,2021,Long Range AWD,Pearl White Multi-Coat,Premium Black,"19"" Sport Wheels",46,"Buena Park, CA",CLEAN
5YJYGDEE3LF056093,57700,Model Y,2020,Long Range AWD,Pearl White Multi-Coat,Premium Black,"19"" Sport Wheels",1930,"Hawthorne, CA",CLEAN
5YJYGDEE9LF043882,58200,Model Y,2020,Long Range AWD,Pearl White Multi-Coat,Premium Black,"19"" Sport Wheels",1836,"Dedham, MA",CLEAN
5YJYGDEE3LF051489,58600,Model Y,2020,Long Range AWD,Silver Metallic,Premium Black,"19"" Sport Wheels",42,"Costa Mesa, CA",CLEAN
5YJYGDEE7LF021010,58800,Model Y,2020,Long Range AWD,Pearl White Multi-Coat,Premium Black and White,"19"" Sport Wheels",740,"Littleton, CO",CLEAN
5YJYGDEE5LF022804,59000,Model Y,2020,Long Range AWD,Solid Black,Premium Black,"20"" Fragile Wheels",141,"Lathrop, CA",CLEAN
5YJYGDEE3LF028245,59000,Model Y,2020,Long Range AWD,Pearl White Multi-Coat,Premium Black,"19"" Sport Wheels",1685,"Roswell, GA",CLEAN
5YJYGDEE4LF027038,59100,Model Y,2020,Long Range AWD,Pearl White Multi-Coat,Premium Black,"20"" Fragile Wheels",982,"Pomona, CA",CLEAN
5YJYGDEE1LF010844,59100,Model Y,2020,Long Range AWD,Deep Blue Metallic,Premium Black,"19"" Sport Wheels",1049,"Littleton, CO",CLEAN
5YJYGDEE7LF018382,59200,Model Y,2020,Long Range AWD,Solid Black,Premium Black,"20"" Fragile Wheels",3603,"Pomona, CA",CLEAN
5YJYGDEE0LF014707,59300,Model Y,2020,Long Range AWD,Silver Metallic,Premium Black and White,"20"" Fragile Wheels",11806,"Mt. Kisco, NY",CLEAN
5YJYGDEE1LF043598,59400,Model Y,2020,Long Range AWD,Pearl White Multi-Coat,Premium Black,"20"" Fragile Wheels",345,"Rocklin, CA",CLEAN
5YJYGDEE8LF042898,59400,Model Y,2020,Long Range AWD,Pearl White Multi-Coat,Premium Black,"20"" Fragile Wheels",3874,"Rockville, MD",CLEAN
5YJYGDEE8LF037572,59600,Model Y,2020,Long Range AWD,Solid Black,Premium Black,"20"" Fragile Wheels",312,"Costa Mesa, CA",CLEAN
5YJYGDEF7LF049785,59700,Model Y,2020,Long Range AWD Performance,Solid Black,Premium Black and White,"21"" Wheels",363,"Rockville, MD",CLEAN
5YJYGDEE0LF027067,59800,Model Y,2020,Long Range AWD,Solid Black,Premium Black,"20"" Fragile Wheels",1806,"Lathrop, CA",CLEAN
5YJYGDEE9LF052145,60200,Model Y,2020,Long Range AWD,Solid Black,Premium Black,"20"" Fragile Wheels",911,"Burbank, CA",CLEAN
5YJYGDEE6LF058193,60200,Model Y,2020,Long Range AWD,Pearl White Multi-Coat,Premium Black,"20"" Fragile Wheels",300,"Lathrop, CA",CLEAN
5YJYGDEE3LF031694,60600,Model Y,2020,Long Range AWD,Red Multi-Coat,Premium Black,"19"" Sport Wheels",1838,"Peabody, MA",CLEAN
5YJYGDEE7LF056291,60600,Model Y,2020,Long Range AWD,Pearl White Multi-Coat,Premium Black and White,"20"" Fragile Wheels",122,"Lathrop, CA",CLEAN
5YJYGDEE4LF040050,60600,Model Y,2020,Long Range AWD,Solid Black,Premium Black,"20"" Fragile Wheels",640,"Elk Grove Village, IL",CLEAN
5YJYGDEE9LF040156,60800,Model Y,2020,Long Range AWD,Pearl White Multi-Coat,Premium Black,"20"" Fragile Wheels",1576,"Scottsdale, AZ",CLEAN
5YJYGDEE4LF051646,61100,Model Y,2020,Long Range AWD,Red Multi-Coat,Premium Black and White,"19"" Sport Wheels",188,"Hawthorne, CA",CLEAN
5YJYGDEE1LF036098,61400,Model Y,2020,Long Range AWD,Deep Blue Metallic,Premium Black and White,"20"" Fragile Wheels",55,"Rocklin, CA",CLEAN
5YJYGDEE7LF038244,61700,Model Y,2020,Long Range AWD,Deep Blue Metallic,Premium Black,"20"" Fragile Wheels",3403,"Roswell, GA",CLEAN
5YJYGDEE5LF014167,61800,Model Y,2020,Long Range AWD,Silver Metallic,Premium Black and White,"20"" Fragile Wheels",3725,"Elk Grove Village, IL",CLEAN
5YJYGDEF7LF003406,62800,Model Y,2020,Long Range AWD Performance,Pearl White Multi-Coat,Premium Black,"21"" Wheels",5289,"Palo Alto, CA",CLEAN
5YJYGDEF6LF018978,62800,Model Y,2020,Long Range AWD Performance,Pearl White Multi-Coat,Premium Black,"19"" Sport Wheels",7849,"Elk Grove Village, IL",CLEAN
5YJYGDEEXLF041137,62800,Model Y,2020,Long Range AWD,Solid Black,Premium Black,"20"" Fragile Wheels",2106,"Schaumburg, IL",CLEAN
5YJYGDEF4LF000365,63200,Model Y,2020,Long Range AWD Performance,Deep Blue Metallic,Premium Black,"21"" Wheels",2656,"Bellevue, WA",CLEAN
5YJYGDEE2LF051872,63400,Model Y,2020,Long Range AWD,Red Multi-Coat,Premium Black and White,"20"" Fragile Wheels",137,"Lathrop, CA",CLEAN
5YJYGDEF2LF000994,63900,Model Y,2020,Long Range AWD Performance,Silver Metallic,Premium Black,"21"" Wheels",7001,"Kansas City, MO",CLEAN
5YJYGDEF8LF011286,64500,Model Y,2020,Long Range AWD Performance,Silver Metallic,Premium Black and White,"21"" Wheels",8049,"Lathrop, CA",CLEAN
5YJYGDEFXLF022564,64700,Model Y,2020,Long Range AWD Performance,Deep Blue Metallic,Premium Black,"21"" Wheels",5038,"Lathrop, CA",CLEAN
5YJYGDEF0LF028180,65600,Model Y,2020,Long Range AWD Performance,Silver Metallic,Premium Black and White,"21"" Wheels",890,"Fremont, CA",CLEAN
5YJYGDEF4LF014816,65800,Model Y,2020,Long Range AWD Performance,Silver Metallic,Premium Black and White,"21"" Wheels",705,"Littleton, CO",CLEAN
5YJYGDEF0LF001397,65900,Model Y,2020,Long Range AWD Performance,Silver Metallic,Premium Black,"21"" Wheels",5187,"Columbus, OH",CLEAN
5YJYGDEF1LF022887,66100,Model Y,2020,Long Range AWD Performance,Deep Blue Metallic,Premium Black and White,"21"" Wheels",4806,"Hawthorne, CA",CLEAN
5YJYGDEF4LF011396,66100,Model Y,2020,Long Range AWD Performance,Silver Metallic,Premium Black,"19"" Sport Wheels",1825,"Pomona, CA",CLEAN
5YJYGDEF1LF022730,66300,Model Y,2020,Long Range AWD Performance,Solid Black,Premium Black,"21"" Wheels",3929,"Scottsdale, AZ",CLEAN
5YJYGDEF8LF044434,66300,Model Y,2020,Long Range AWD Performance,Pearl White Multi-Coat,Premium Black,"21"" Wheels",86,"Mt. Kisco, NY",CLEAN
5YJYGDEF7LF028189,66600,Model Y,2020,Long Range AWD Performance,Silver Metallic,Premium Black and White,"21"" Wheels",4326,"Walnut, CA",CLEAN
5YJYGDEFXLF015310,66700,Model Y,2020,Long Range AWD Performance,Pearl White Multi-Coat,Premium Black and White,"21"" Wheels",4243,"Carlsbad, CA",CLEAN
5YJYGDEF6LF038566,67500,Model Y,2020,Long Range AWD Performance,Silver Metallic,Premium Black,"21"" Wheels",168,"Lathrop, CA",CLEAN
5YJYGDEF9LF023897,68100,Model Y,2020,Long Range AWD Performance,Silver Metallic,Premium Black,"20"" Fragile Wheels",1919,"Carlsbad, CA",CLEAN
